K = 2
c1: 0.89 0.41 0.73 1.53 0.61 0.08 1.48 0.46 0.19 1.40 1.70 3.28 1.58 0.73 0.06 0.12 1.89 1.95
grupa 1: 440 primjera
c2: 1.03 0.52 1.01 2.01 0.63 0.10 2.11 0.32 0.24 1.63 2.25 6.63 2.07 0.72 0.07 0.15 1.89 1.97
grupa 2: 218 primjera
#iter: 4
J: 561.0862624207676
--
K = 3
c1: 0.89 0.41 0.73 1.51 0.60 0.08 1.48 0.46 0.19 1.40 1.69 3.28 1.58 0.72 0.06 0.12 1.89 1.95
grupa 1: 433 primjera
c2: 0.88 0.46 0.79 2.71 1.18 0.48 1.53 0.44 0.19 1.53 2.43 3.42 1.82 1.11 0.05 0.11 1.84 1.91
grupa 2: 7 primjera
c3: 1.03 0.52 1.01 2.01 0.63 0.10 2.11 0.32 0.24 1.63 2.25 6.63 2.07 0.72 0.07 0.15 1.89 1.97
grupa 3: 218 primjera
#iter: 4
J: 542.2590075166702
--
K = 4
c1: 0.88 0.41 0.71 1.46 0.60 0.08 1.44 0.47 0.19 1.40 1.66 3.11 1.57 0.73 0.06 0.11 1.88 1.94
grupa 1: 380 primjera
c2: 1.04 0.53 1.03 2.01 0.62 0.10 2.18 0.31 0.24 1.67 2.31 7.06 2.14 0.73 0.07 0.16 1.88 1.96
grupa 2: 157 primjera
c3: 0.88 0.46 0.79 2.71 1.18 0.48 1.53 0.44 0.19 1.53 2.43 3.42 1.82 1.11 0.05 0.11 1.84 1.91
grupa 3: 7 primjera
c4: 0.96 0.46 0.90 1.95 0.64 0.08 1.82 0.36 0.21 1.48 2.03 5.04 1.78 0.68 0.06 0.15 1.94 2.00
grupa 4: 114 primjera
#iter: 10
J: 353.60973504182476
--
K = 5
c1: 0.88 0.41 0.71 1.43 0.59 0.08 1.43 0.47 0.19 1.40 1.64 3.05 1.57 0.73 0.06 0.11 1.88 1.94
grupa 1: 352 primjera
c2: 1.07 0.55 1.03 1.89 0.56 0.06 2.48 0.27 0.27 1.68 2.71 9.07 2.45 0.84 0.07 0.13 1.83 1.84
grupa 2: 18 primjera
c3: 0.88 0.46 0.79 2.71 1.18 0.48 1.53 0.44 0.19 1.53 2.43 3.42 1.82 1.11 0.05 0.11 1.84 1.91
grupa 3: 7 primjera
c4: 0.94 0.44 0.85 1.88 0.64 0.08 1.73 0.38 0.21 1.44 1.95 4.56 1.67 0.68 0.06 0.14 1.94 2.00
grupa 4: 113 primjera
c5: 1.03 0.52 1.02 2.03 0.63 0.10 2.11 0.31 0.24 1.65 2.24 6.63 2.08 0.71 0.07 0.16 1.89 1.98
grupa 5: 168 primjera
#iter: 22
J: 256.4886906018547
