0.95 0.48 0.83 1.78 0.72 0.1 1.62 0.42 0.2 1.59 1.76 3.79 1.84 0.7 0.06 0.16 1.87 1.97 van
0.91 0.41 0.84 1.41 0.57 0.09 1.49 0.45 0.19 1.43 1.7 3.3 1.58 0.72 0.09 0.14 1.89 1.99 van
1.04 0.5 1.06 2.09 0.66 0.1 2.07 0.32 0.23 1.58 2.23 6.35 2.2 0.73 0.14 0.09 1.88 1.96 saab
0.93 0.41 0.82 1.59 0.63 0.09 1.44 0.46 0.19 1.43 1.6 3.09 1.27 0.63 0.06 0.1 1.99 2.07 van
0.85 0.44 0.7 2.05 1.03 0.52 1.49 0.45 0.19 1.44 2.41 3.25 1.88 1.27 0.09 0.11 1.8 1.83 bus
1.07 0.57 1.06 1.72 0.5 0.06 2.55 0.26 0.28 1.69 2.8 9.57 2.64 0.85 0.05 0.09 1.81 1.83 bus
0.97 0.43 0.73 1.73 0.65 0.06 1.53 0.42 0.19 1.43 1.76 3.61 1.72 0.66 0.13 0.01 2 2.04 bus
0.9 0.43 0.66 1.57 0.65 0.09 1.37 0.48 0.18 1.46 1.62 2.81 1.64 0.67 0.03 0.03 1.93 2.02 van
0.86 0.34 0.62 1.4 0.61 0.07 1.22 0.54 0.17 1.27 1.41 2.23 1.12 0.64 0.02 0.14 2 2.08 van
0.93 0.44 0.98 1.97 0.62 0.11 1.83 0.36 0.22 1.46 2.02 5.05 1.52 0.64 0.04 0.14 1.95 2.04 saab
0.86 0.36 0.7 1.43 0.61 0.09 1.33 0.5 0.18 1.3 1.53 2.66 1.27 0.66 0.02 0.1 1.94 2.02 van
0.9 0.34 0.66 1.36 0.55 0.06 1.23 0.54 0.17 1.18 1.48 2.24 1.18 0.65 0.05 0.26 1.96 2.02 saab
0.88 0.46 0.74 1.71 0.68 0.06 1.52 0.43 0.19 1.48 1.8 3.49 1.92 0.71 0.05 0.11 1.89 1.95 bus
0.89 0.42 0.85 1.44 0.58 0.1 1.52 0.44 0.19 1.44 1.73 3.45 1.61 0.72 0.08 0.13 1.87 1.97 van
0.94 0.49 0.79 2.03 0.71 0.05 1.74 0.37 0.21 1.54 1.96 4.65 2.06 0.71 0.06 0.02 1.97 1.99 bus
0.96 0.55 1.03 2.01 0.65 0.09 2.04 0.32 0.23 1.66 2.27 6.24 2.46 0.74 0.06 0.02 1.86 1.94 opel
0.89 0.36 0.51 1.09 0.52 0.06 1.18 0.57 0.17 1.29 1.37 2.06 1.25 0.8 0.02 0.14 1.81 1.85 van
0.99 0.41 0.77 1.97 0.69 0.06 1.77 0.36 0.21 1.39 2.02 4.85 1.51 0.72 0.04 0.1 1.98 1.99 bus
1.04 0.54 1 1.86 0.61 0.1 2.16 0.31 0.24 1.73 2.25 6.86 2.2 0.74 0.05 0.11 1.85 1.95 saab
1.01 0.56 1 2.15 0.69 0.1 2.08 0.32 0.24 1.69 2.27 6.51 2.23 0.74 0.06 0.05 1.86 1.93 opel
0.84 0.47 0.75 1.53 0.64 0.06 1.54 0.43 0.19 1.45 1.75 3.54 1.84 0.75 0 0.03 1.85 1.92 bus
0.84 0.37 0.53 1.21 0.59 0.05 1.23 0.55 0.17 1.25 1.41 2.21 1.33 0.82 0.07 0.01 1.79 1.83 van
0.94 0.43 0.64 1.73 0.69 0.07 1.5 0.43 0.19 1.42 1.69 3.44 1.77 0.68 0.09 0.01 1.99 2.06 bus
0.87 0.39 0.7 1.48 0.61 0.07 1.43 0.46 0.18 1.36 1.64 3.07 1.41 0.69 0.01 0.02 1.92 1.99 bus
0.99 0.53 1.05 2.19 0.66 0.11 2.04 0.32 0.23 1.65 2.21 6.23 2.24 0.68 0 0.06 1.91 2.01 saab
0.85 0.45 0.8 1.54 0.64 0.09 1.47 0.45 0.19 1.48 1.69 3.24 1.74 0.71 0.01 0.04 1.88 1.99 van
0.83 0.36 0.54 1.19 0.57 0.06 1.28 0.53 0.18 1.25 1.43 2.38 1.39 0.82 0.06 0.03 1.79 1.83 saab
1.07 0.54 0.98 2.03 0.65 0.11 2.18 0.31 0.25 1.67 2.29 6.96 2.16 0.72 0.01 0.28 1.87 1.99 saab
1.02 0.45 0.85 1.93 0.64 0.06 1.92 0.33 0.22 1.46 2.17 5.7 1.63 0.76 0.06 0.07 1.95 1.93 bus
0.8 0.38 0.63 1.29 0.55 0.07 1.46 0.46 0.19 1.3 1.68 3.14 1.58 0.83 0.09 0.2 1.8 1.85 saab
0.89 0.43 0.85 1.6 0.64 0.11 1.55 0.43 0.19 1.51 1.73 3.56 1.74 0.72 0.05 0.09 1.85 1.96 van
0.88 0.42 0.77 1.51 0.58 0.08 1.4 0.47 0.18 1.42 1.65 2.93 1.58 0.64 0.1 0.11 1.98 2.05 saab
0.93 0.35 0.66 1.54 0.59 0.06 1.42 0.46 0.18 1.28 1.62 3.04 1.2 0.64 0.05 0.13 1.97 2.02 opel
1.01 0.48 1.07 2.22 0.68 0.1 2.08 0.32 0.24 1.54 2.32 6.41 2.04 0.7 0.05 0.38 1.9 2.02 opel
0.87 0.38 0.85 1.77 0.61 0.08 1.64 0.4 0.2 1.29 1.86 4.02 1.3 0.63 0.01 0.25 1.98 2.05 opel
1 0.46 0.9 1.72 0.67 0.09 1.57 0.43 0.2 1.5 1.7 3.63 1.84 0.67 0.17 0.07 1.92 2 van
0.82 0.44 0.72 1.18 0.52 0.07 1.52 0.44 0.19 1.47 1.74 3.4 1.77 0.82 0.02 0.02 1.8 1.85 bus
0.9 0.48 0.86 3.06 1.26 0.49 1.53 0.44 0.19 1.56 2.72 3.46 2 1.18 0 0.15 1.85 1.94 van
1.06 0.53 0.98 1.76 0.54 0.1 2.16 0.31 0.24 1.71 2.35 6.91 2.18 0.74 0.01 0.09 1.87 1.97 saab
0.81 0.45 0.68 1.69 0.73 0.06 1.51 0.44 0.19 1.46 1.73 3.36 1.86 0.75 0.07 0 1.83 1.89 bus
0.95 0.48 1.04 2.14 0.67 0.09 2.05 0.32 0.23 1.51 2.27 6.28 2.02 0.74 0.05 0.09 1.86 1.93 opel
0.88 0.37 0.51 1.05 0.52 0.05 1.19 0.57 0.17 1.28 1.35 2.07 1.25 0.86 0.08 0.16 1.79 1.83 van
0.94 0.49 0.87 1.37 0.54 0.11 1.58 0.43 0.2 1.62 1.78 3.66 1.86 0.75 0.05 0.05 1.83 1.94 van
0.93 0.37 0.76 1.83 0.63 0.08 1.64 0.4 0.2 1.34 1.91 4.05 1.39 0.67 0.04 0.07 1.92 1.97 saab
1.19 0.54 1.06 2.2 0.65 0.12 2.13 0.31 0.24 1.67 2.23 6.75 2.32 0.66 0.2 0.01 1.92 2.02 saab
0.93 0.46 0.82 1.45 0.58 0.11 1.59 0.43 0.2 1.6 1.8 3.71 1.89 0.77 0.02 0.04 1.83 1.94 van
0.91 0.43 0.7 1.33 0.55 0.08 1.3 0.51 0.18 1.46 1.59 2.53 1.56 0.7 0.01 0.08 1.9 1.94 van
0.85 0.42 0.66 1.22 0.54 0.06 1.48 0.46 0.19 1.41 1.72 3.17 1.74 0.88 0.06 0.14 1.8 1.82 bus
0.89 0.47 0.81 1.47 0.64 0.11 1.56 0.44 0.2 1.63 1.7 3.52 1.88 0.76 0.06 0.13 1.84 1.93 van
0.91 0.45 0.79 1.76 0.59 0.09 1.63 0.4 0.2 1.48 1.84 4.04 1.79 0.62 0 0.1 1.99 2.08 saab
0.78 0.38 0.63 1.15 0.51 0.06 1.42 0.47 0.19 1.3 1.62 2.99 1.46 0.77 0.02 0.04 1.81 1.85 saab
0.92 0.38 0.71 1.74 0.66 0.07 1.54 0.43 0.19 1.33 1.81 3.55 1.3 0.7 0.04 0.24 1.89 1.95 saab
0.98 0.55 1.01 2.28 0.7 0.09 2.1 0.31 0.24 1.68 2.36 6.61 2.45 0.72 0.01 0.06 1.88 1.97 opel
1.01 0.42 0.62 1.75 0.67 0.06 1.49 0.43 0.19 1.39 1.69 3.41 1.65 0.65 0.07 0.11 2.02 2.09 bus
1.01 0.56 1.04 1.85 0.53 0.06 2.57 0.26 0.28 1.68 2.75 9.56 2.3 0.83 0.05 0.26 1.8 1.84 bus
0.94 0.36 0.66 1.51 0.61 0.08 1.33 0.5 0.18 1.35 1.54 2.65 1.19 0.62 0.09 0.03 2.01 2.08 van
0.97 0.44 0.96 1.95 0.63 0.09 1.85 0.36 0.22 1.44 2.02 5.12 1.65 0.66 0.04 0.08 1.91 1.99 saab
0.89 0.47 0.84 1.33 0.55 0.11 1.57 0.44 0.2 1.6 1.69 3.54 1.76 0.74 0.05 0.09 1.82 1.92 van
1.07 0.53 1.03 2.21 0.66 0.11 2.09 0.32 0.24 1.63 2.22 6.53 2.12 0.66 0 0.01 1.91 2.01 opel
0.85 0.39 0.68 1.19 0.52 0.05 1.28 0.53 0.18 1.35 1.48 2.41 1.42 0.75 0.08 0.08 1.82 1.87 van
1.03 0.5 0.98 2.12 0.63 0.09 1.93 0.34 0.22 1.61 2.14 5.67 1.85 0.64 0.05 0.05 1.98 2.04 opel
0.77 0.38 0.63 1.35 0.59 0.05 1.3 0.52 0.18 1.3 1.45 2.47 1.39 0.79 0.13 0.21 1.83 1.87 opel
0.96 0.4 0.7 1.2 0.5 0.08 1.37 0.5 0.18 1.41 1.62 2.69 1.39 0.8 0.1 0.13 1.83 1.83 van
0.83 0.42 0.66 1.56 0.67 0.07 1.5 0.45 0.19 1.44 1.74 3.33 1.59 0.78 0.04 0.02 1.82 1.88 bus
0.93 0.45 0.86 2.01 0.69 0.07 1.84 0.35 0.22 1.45 2.03 5.23 1.83 0.72 0 0.04 1.94 1.97 bus
0.89 0.41 0.75 1.43 0.56 0.07 1.46 0.46 0.19 1.37 1.7 3.17 1.56 0.76 0.18 0.05 1.84 1.88 opel
0.81 0.43 0.68 1.25 0.57 0.08 1.49 0.46 0.19 1.46 1.69 3.23 1.72 0.83 0.06 0.18 1.79 1.84 bus
0.98 0.55 1.01 2.19 0.69 0.11 2.25 0.3 0.25 1.78 2.31 7.48 2.16 0.74 0.06 0.14 1.87 1.95 opel
0.86 0.44 0.78 1.64 0.68 0.09 1.42 0.46 0.18 1.47 1.68 3.05 1.71 0.7 0.01 0.11 1.9 2.01 van
0.98 0.49 0.84 2.19 0.74 0.07 1.9 0.34 0.22 1.54 2.08 5.58 2.09 0.74 0.04 0.07 1.95 1.95 bus
0.96 0.55 0.98 1.61 0.54 0.1 2.15 0.31 0.24 1.75 2.26 6.83 2.21 0.76 0.03 0.06 1.85 1.93 opel
0.97 0.59 1.08 2.27 0.7 0.11 2.24 0.3 0.25 1.86 2.25 7.32 2.18 0.7 0.1 0.25 1.86 1.98 opel
0.92 0.39 0.91 1.91 0.62 0.08 1.76 0.37 0.21 1.37 1.96 4.66 1.51 0.67 0.03 0.23 1.92 2 opel
0.73 0.37 0.53 1.11 0.54 0.06 1.26 0.55 0.18 1.28 1.35 2.27 1.47 0.82 0.01 0.15 1.76 1.84 opel
0.89 0.42 0.89 1.47 0.61 0.11 1.51 0.44 0.19 1.45 1.7 3.38 1.63 0.72 0.11 0.23 1.87 1.99 van
1.01 0.53 1.03 2.03 0.63 0.09 1.95 0.34 0.22 1.62 2.1 5.71 2.1 0.68 0.05 0.05 1.91 1.98 opel
0.91 0.39 0.83 1.7 0.6 0.08 1.72 0.38 0.21 1.34 1.97 4.45 1.52 0.72 0 0.1 1.88 1.94 saab
0.86 0.4 0.62 1.4 0.62 0.07 1.5 0.45 0.19 1.33 1.65 3.3 1.73 0.82 0.02 0.03 1.8 1.85 saab
1.04 0.52 0.94 2.08 0.66 0.05 2.08 0.31 0.24 1.61 2.27 6.66 2.18 0.76 0.11 0.04 1.93 1.91 bus
0.89 0.44 0.68 1.13 0.5 0.07 1.5 0.45 0.19 1.47 1.71 3.28 1.89 0.88 0.06 0.05 1.79 1.82 bus
0.87 0.46 0.71 1.59 0.66 0.06 1.51 0.44 0.19 1.46 1.75 3.43 1.89 0.73 0.02 0 1.86 1.9 bus
0.99 0.51 0.92 2.03 0.65 0.05 2.09 0.31 0.24 1.59 2.32 6.71 2.14 0.78 0.05 0.11 1.91 1.89 bus
0.94 0.36 0.68 1.27 0.54 0.07 1.27 0.52 0.18 1.32 1.55 2.42 1.16 0.66 0.01 0.02 1.95 1.96 van
0.79 0.4 0.8 1.33 0.55 0.07 1.47 0.47 0.19 1.35 1.72 3.11 1.44 0.76 0.08 0.3 1.81 1.93 opel
0.89 0.4 0.76 1.88 0.76 0.07 1.5 0.44 0.19 1.36 1.74 3.42 1.48 0.72 0.03 0.08 1.93 1.97 bus
1.1 0.58 1.06 1.8 0.51 0.06 2.61 0.26 0.28 1.71 2.78 9.98 2.57 0.83 0.09 0.13 1.81 1.82 bus
0.89 0.41 0.84 1.41 0.58 0.09 1.49 0.45 0.19 1.45 1.72 3.3 1.62 0.72 0.04 0.18 1.88 2 van
0.86 0.37 0.6 1.15 0.54 0.05 1.19 0.56 0.17 1.32 1.41 2.09 1.29 0.72 0.02 0.08 1.86 1.9 van
0.91 0.42 0.84 2.09 0.75 0.06 1.71 0.38 0.2 1.38 1.89 4.46 1.61 0.69 0.03 0.12 1.96 2.01 bus
0.8 0.37 0.57 1.16 0.55 0.06 1.25 0.54 0.18 1.25 1.42 2.29 1.32 0.81 0.08 0.05 1.78 1.84 opel
1.04 0.55 1.07 2.22 0.68 0.11 2.18 0.31 0.24 1.73 2.32 7.03 2.29 0.71 0.03 0.1 1.88 1.99 saab
0.94 0.38 0.84 1.58 0.55 0.09 1.69 0.39 0.2 1.3 1.96 4.3 1.55 0.69 0.09 0.15 1.9 1.95 opel
1.04 0.52 1 1.91 0.59 0.09 1.97 0.33 0.23 1.58 2.18 5.83 2.34 0.7 0.1 0.1 1.91 1.98 saab
0.94 0.48 0.87 1.62 0.64 0.1 1.57 0.43 0.2 1.61 1.79 3.63 1.86 0.75 0.04 0.15 1.84 1.95 van
0.84 0.45 0.66 1.54 0.65 0.06 1.45 0.46 0.19 1.44 1.68 3.12 1.77 0.73 0.02 0.03 1.84 1.88 bus
0.97 0.5 1.08 2.11 0.65 0.1 2.14 0.31 0.24 1.56 2.32 6.83 2.18 0.72 0.07 0.29 1.88 1.97 opel
0.89 0.42 0.8 1.51 0.62 0.06 1.44 0.46 0.19 1.39 1.66 3.08 1.7 0.74 0.17 0.13 1.85 1.89 saab
0.86 0.43 0.68 1.52 0.62 0.07 1.5 0.44 0.19 1.42 1.79 3.37 1.64 0.75 0.04 0.09 1.88 1.92 bus
0.95 0.46 1.05 2.19 0.68 0.09 2.01 0.33 0.23 1.48 2.23 6.02 2.01 0.69 0.05 0.38 1.91 2.02 opel
0.87 0.44 0.65 1.24 0.56 0.06 1.49 0.46 0.19 1.44 1.7 3.21 1.71 0.87 0.04 0.12 1.79 1.82 bus
0.82 0.45 0.66 2.52 1.26 0.52 1.48 0.45 0.19 1.44 2.37 3.26 1.85 1.19 0.01 0.01 1.81 1.85 bus
0.95 0.42 0.85 1.74 0.66 0.09 1.53 0.44 0.19 1.44 1.68 3.47 1.5 0.65 0.11 0.05 1.96 2.04 van
0.94 0.42 0.68 1.5 0.64 0.07 1.28 0.52 0.18 1.43 1.54 2.46 1.59 0.69 0.14 0.05 1.92 1.96 van
0.92 0.38 0.6 1.3 0.62 0.05 1.14 0.58 0.17 1.32 1.35 1.94 1.37 0.72 0.14 0.05 1.9 1.94 van
1.02 0.45 0.83 1.98 0.65 0.05 1.94 0.33 0.22 1.46 2.25 5.76 1.67 0.79 0 0.27 1.93 1.91 bus
1.08 0.53 1.03 2.02 0.64 0.1 2.2 0.3 0.25 1.68 2.24 7.11 2.14 0.73 0.11 0.1 1.88 1.99 saab
0.99 0.46 1.05 2.09 0.64 0.11 1.97 0.34 0.23 1.52 2.12 5.75 1.59 0.65 0 0.33 1.94 2.05 opel
0.85 0.39 0.77 1.51 0.59 0.08 1.5 0.45 0.19 1.34 1.76 3.31 1.33 0.73 0 0.16 1.84 1.93 opel
0.8 0.44 0.68 1.35 0.59 0.08 1.5 0.45 0.19 1.45 1.7 3.29 1.73 0.8 0.07 0.12 1.8 1.85 bus
0.99 0.48 0.79 1.99 0.68 0.06 1.85 0.35 0.22 1.53 2.02 5.24 1.71 0.74 0.05 0.08 1.95 1.95 bus
0.89 0.4 0.77 1.59 0.65 0.09 1.44 0.46 0.19 1.41 1.68 3.14 1.43 0.7 0 0.05 1.9 2 van
0.94 0.48 0.83 1.62 0.64 0.1 1.56 0.43 0.19 1.53 1.77 3.57 1.87 0.74 0.04 0.14 1.85 1.96 van
0.77 0.38 0.75 1.44 0.59 0.06 1.47 0.46 0.19 1.32 1.67 3.15 1.36 0.8 0.16 0.2 1.81 1.87 opel
0.88 0.35 0.5 1.21 0.58 0.05 1.14 0.59 0.17 1.22 1.32 1.92 1.38 0.74 0.21 0.04 1.82 1.87 opel
0.93 0.43 0.85 1.33 0.54 0.1 1.55 0.44 0.19 1.53 1.74 3.51 1.65 0.75 0.12 0.13 1.84 1.96 van
0.95 0.47 0.88 1.62 0.64 0.11 1.59 0.43 0.2 1.57 1.76 3.71 1.85 0.71 0.12 0.13 1.89 1.98 van
1 0.45 1 2.09 0.65 0.08 2.01 0.32 0.23 1.47 2.31 6.11 1.89 0.72 0.05 0.05 1.89 1.95 opel
1.09 0.53 1.09 2.21 0.69 0.12 2.21 0.31 0.25 1.69 2.26 7.12 2.12 0.72 0.13 0.28 1.88 2.01 saab
0.85 0.43 0.64 1.28 0.56 0.08 1.5 0.46 0.19 1.44 1.68 3.24 1.73 0.82 0.09 0.14 1.8 1.84 bus
0.93 0.49 0.79 1.8 0.65 0.07 1.73 0.37 0.21 1.58 1.89 4.63 1.94 0.7 0.05 0.1 1.97 2.02 bus
0.89 0.37 0.54 1.19 0.53 0.05 1.34 0.5 0.18 1.27 1.51 2.66 1.46 0.79 0.16 0.14 1.84 1.85 saab
0.9 0.48 0.78 1.42 0.59 0.11 1.6 0.43 0.2 1.6 1.73 3.7 1.85 0.76 0.1 0.11 1.83 1.92 van
0.92 0.4 0.82 1.63 0.63 0.09 1.46 0.45 0.19 1.4 1.65 3.19 1.37 0.64 0.09 0 1.99 2.06 van
0.9 0.36 0.57 1.3 0.57 0.06 1.21 0.56 0.17 1.27 1.37 2.16 1.32 0.68 0.22 0.23 1.9 1.95 saab
0.85 0.45 0.71 1.5 0.63 0.08 1.43 0.46 0.19 1.47 1.71 3.07 1.79 0.72 0.02 0.03 1.87 1.96 van
0.9 0.46 0.8 1.43 0.62 0.11 1.59 0.43 0.2 1.56 1.69 3.66 1.86 0.74 0.17 0.07 1.85 1.93 van
0.89 0.42 0.7 1.48 0.62 0.07 1.47 0.45 0.19 1.43 1.76 3.23 1.53 0.76 0.02 0.06 1.86 1.89 bus
0.85 0.41 0.66 1.55 0.65 0.22 1.49 0.45 0.19 1.39 1.73 3.3 1.55 0.75 0.06 0.16 1.84 1.91 bus
0.97 0.45 0.88 1.73 0.67 0.1 1.57 0.43 0.2 1.57 1.73 3.65 1.57 0.67 0.08 0.12 1.92 2 van
1 0.48 0.95 2.09 0.68 0.07 1.99 0.32 0.23 1.5 2.16 6.05 2 0.73 0.07 0.11 1.92 1.94 bus
1 0.46 1.04 1.84 0.6 0.09 1.97 0.34 0.23 1.47 2.22 5.78 1.98 0.73 0.13 0.13 1.89 1.97 saab
0.86 0.36 0.77 1.65 0.6 0.07 1.5 0.45 0.19 1.28 1.74 3.31 1.31 0.66 0 0.32 1.96 2.03 saab
0.97 0.42 1.01 1.86 0.59 0.09 1.86 0.36 0.22 1.38 2.08 5.11 1.68 0.67 0.07 0.41 1.94 2.06 saab
0.98 0.39 0.68 1.21 0.49 0.07 1.34 0.51 0.18 1.42 1.64 2.61 1.34 0.75 0.04 0.01 1.86 1.86 van
1.02 0.54 1 1.63 0.53 0.1 2.13 0.31 0.24 1.73 2.19 6.69 2.01 0.76 0.12 0.27 1.87 1.95 opel
0.89 0.47 0.83 3.22 1.33 0.48 1.58 0.43 0.2 1.63 2.29 3.64 1.76 0.97 0 0.14 1.84 1.94 van
0.86 0.48 0.75 1.36 0.58 0.1 1.61 0.43 0.2 1.63 1.7 3.71 1.85 0.75 0.03 0.01 1.83 1.92 van
0.87 0.42 0.64 1.5 0.64 0.1 1.33 0.5 0.18 1.42 1.57 2.64 1.59 0.67 0.07 0.01 1.93 2.01 van
0.88 0.37 0.63 1.3 0.58 0.05 1.25 0.54 0.18 1.3 1.41 2.3 1.45 0.74 0.14 0.2 1.84 1.88 saab
0.91 0.42 0.8 1.62 0.66 0.08 1.48 0.44 0.19 1.45 1.71 3.31 1.47 0.7 0.03 0.05 1.89 1.99 van
0.9 0.37 0.8 1.71 0.58 0.09 1.57 0.42 0.2 1.32 1.72 3.73 1.15 0.6 0.03 0.18 2.01 2.09 saab
0.81 0.42 0.63 1.25 0.55 0.08 1.49 0.46 0.19 1.45 1.66 3.2 1.72 0.86 0.07 0.07 1.79 1.82 bus
1.06 0.49 1.07 1.94 0.57 0.11 2.14 0.31 0.24 1.61 2.24 6.7 1.72 0.67 0 0.39 1.92 2.06 opel
0.8 0.43 0.68 1.2 0.54 0.08 1.5 0.45 0.19 1.45 1.71 3.29 1.76 0.85 0.04 0.08 1.79 1.83 bus
0.95 0.45 0.8 1.86 0.62 0.07 1.64 0.4 0.2 1.45 1.88 4.06 1.78 0.65 0.11 0.18 1.99 2.04 opel
1.03 0.54 1.07 2.18 0.64 0.12 2.22 0.3 0.25 1.74 2.21 7.28 1.99 0.67 0 0.18 1.89 2 opel
1 0.46 0.85 1.64 0.64 0.11 1.63 0.42 0.2 1.63 1.76 3.87 1.7 0.71 0.18 0 1.89 1.96 van
0.91 0.4 0.76 1.71 0.67 0.07 1.49 0.44 0.19 1.35 1.69 3.32 1.44 0.68 0.04 0.17 1.92 2 bus
0.9 0.43 0.72 1.72 0.59 0.08 1.54 0.42 0.19 1.44 1.74 3.6 1.58 0.61 0.15 0.09 2.03 2.09 saab
0.93 0.36 0.64 1.65 0.69 0.08 1.36 0.49 0.18 1.36 1.61 2.79 1.27 0.67 0.02 0.29 1.93 2.04 van
1.04 0.5 0.96 2.11 0.65 0.1 1.87 0.35 0.22 1.56 2.07 5.27 1.95 0.65 0.03 0.07 1.95 2.06 saab
0.94 0.44 0.84 2.16 0.74 0.06 1.84 0.35 0.22 1.45 2.08 5.25 1.54 0.73 0.04 0.22 1.96 1.97 bus
0.93 0.35 0.72 1.72 0.62 0.07 1.49 0.44 0.19 1.24 1.69 3.34 1.25 0.62 0.05 0.3 2.03 2.1 opel
1.06 0.49 1.06 2.11 0.64 0.09 2.08 0.32 0.24 1.58 2.24 6.45 1.84 0.68 0.01 0.24 1.9 2.02 saab
0.89 0.4 0.79 1.54 0.64 0.09 1.44 0.46 0.19 1.39 1.68 3.11 1.49 0.71 0.08 0.07 1.88 1.97 van
1.1 0.56 1.03 2.23 0.64 0.05 2.5 0.26 0.27 1.69 2.8 9.28 2.39 0.85 0.04 0.06 1.84 1.83 bus
0.85 0.36 0.78 1.49 0.55 0.07 1.47 0.45 0.19 1.28 1.68 3.21 1.34 0.64 0.1 0.24 1.97 2.03 opel
0.93 0.42 0.7 1.31 0.56 0.07 1.27 0.53 0.18 1.45 1.56 2.4 1.52 0.74 0.05 0.04 1.89 1.9 van
0.87 0.39 0.74 1.52 0.58 0.06 1.51 0.44 0.19 1.36 1.74 3.37 1.4 0.7 0.01 0.33 1.87 1.96 saab
0.91 0.45 0.75 1.54 0.57 0.06 1.5 0.44 0.19 1.46 1.7 3.35 1.8 0.66 0.16 0.02 1.93 1.98 opel
0.82 0.38 0.53 1.25 0.59 0.05 1.33 0.51 0.18 1.28 1.52 2.59 1.46 0.87 0 0 1.77 1.83 opel
1.07 0.52 1.01 2.18 0.64 0.11 2.02 0.33 0.23 1.64 2.19 6.1 1.92 0.65 0.17 0.02 1.97 2.06 opel
0.98 0.39 0.81 1.91 0.64 0.09 1.66 0.4 0.2 1.38 1.84 4.15 1.31 0.62 0.08 0.19 1.97 2.05 saab
0.85 0.4 0.72 1.39 0.59 0.05 1.32 0.5 0.18 1.35 1.59 2.6 1.5 0.68 0.03 0.09 1.91 1.95 saab
0.98 0.54 1.04 1.86 0.59 0.1 2.13 0.32 0.24 1.72 2.23 6.65 2.17 0.73 0.01 0.26 1.86 1.95 opel
1.03 0.54 0.91 1.79 0.57 0.11 2.2 0.31 0.25 1.7 2.2 7.07 1.98 0.72 0.01 0.32 1.86 1.98 opel
0.92 0.36 0.78 1.65 0.57 0.08 1.53 0.43 0.19 1.28 1.69 3.49 1.24 0.6 0.04 0.19 2.03 2.11 saab
1.1 0.51 1.04 1.91 0.57 0.12 2.13 0.31 0.24 1.62 2.26 6.74 1.9 0.68 0.18 0.02 1.91 1.99 saab
0.82 0.45 0.68 1.39 0.64 0.06 1.47 0.46 0.19 1.43 1.69 3.2 1.84 0.8 0 0.01 1.81 1.84 bus
0.98 0.38 0.7 1.25 0.52 0.08 1.3 0.53 0.18 1.39 1.57 2.43 1.32 0.74 0 0.13 1.86 1.85 van
1.08 0.51 1.03 1.97 0.6 0.11 2.11 0.31 0.24 1.6 2.22 6.61 1.87 0.67 0.07 0.03 1.9 2 opel
1.06 0.54 1.03 1.61 0.47 0.04 2.47 0.27 0.27 1.66 2.66 8.92 2.42 0.85 0.04 0.11 1.81 1.83 bus
0.94 0.45 0.81 1.66 0.67 0.09 1.45 0.46 0.19 1.47 1.64 3.13 1.79 0.66 0.11 0.14 1.94 2.02 van
0.96 0.49 0.98 1.87 0.59 0.06 2.13 0.31 0.24 1.52 2.28 6.8 2.1 0.77 0.08 0.28 1.88 1.89 bus
0.93 0.48 0.84 1.5 0.63 0.11 1.56 0.44 0.2 1.65 1.71 3.54 1.88 0.73 0.08 0.15 1.85 1.95 van
0.88 0.4 0.78 1.86 0.73 0.06 1.58 0.41 0.2 1.34 1.85 3.79 1.48 0.73 0.01 0.11 1.93 1.97 bus
0.84 0.39 0.9 1.8 0.6 0.07 1.77 0.37 0.21 1.31 2.09 4.69 1.45 0.71 0.04 0.38 1.9 1.98 opel
0.89 0.44 0.72 1.6 0.66 0.07 1.44 0.46 0.19 1.47 1.66 3.12 1.69 0.69 0.11 0.01 1.91 1.98 bus
0.93 0.37 0.73 1.74 0.68 0.07 1.51 0.43 0.19 1.31 1.75 3.47 1.35 0.68 0.01 0.22 1.96 2.05 bus
0.89 0.44 0.7 1.37 0.58 0.06 1.36 0.49 0.18 1.46 1.68 2.73 1.66 0.78 0.1 0.03 1.86 1.87 van
1.02 0.54 1.06 2.21 0.68 0.11 2.07 0.32 0.24 1.64 2.28 6.38 2.38 0.71 0 0.26 1.89 2 saab
0.78 0.36 0.6 1.16 0.56 0.06 1.23 0.55 0.17 1.24 1.41 2.21 1.21 0.78 0.03 0.16 1.78 1.85 opel
0.91 0.42 0.66 1.69 0.66 0.07 1.45 0.44 0.19 1.4 1.69 3.25 1.59 0.67 0.04 0 2.01 2.07 bus
0.84 0.35 0.53 1.22 0.57 0.04 1.16 0.59 0.17 1.23 1.35 1.96 1.28 0.76 0.1 0.27 1.83 1.9 saab
1.03 0.46 1.06 2.09 0.66 0.1 2.03 0.33 0.23 1.49 2.17 6.12 2.1 0.7 0.09 0.1 1.91 1.99 saab
1 0.41 0.75 2.05 0.71 0.05 1.76 0.36 0.21 1.38 2.04 4.79 1.51 0.72 0.07 0.19 1.97 1.97 bus
0.91 0.42 0.81 1.93 0.69 0.05 1.69 0.38 0.2 1.37 1.84 4.34 1.56 0.68 0.03 0.23 1.98 2.04 bus
0.98 0.45 0.76 1.66 0.6 0.07 1.57 0.42 0.2 1.48 1.84 3.71 1.86 0.69 0.13 0.1 1.9 1.96 opel
0.86 0.46 0.73 1.25 0.57 0.06 1.51 0.45 0.19 1.47 1.7 3.34 1.88 0.82 0.09 0.11 1.8 1.84 bus
1.16 0.53 1.1 2.31 0.67 0.12 2.17 0.31 0.24 1.65 2.31 6.92 2.22 0.67 0.16 0.28 1.92 2.06 saab
0.89 0.46 0.77 1.25 0.52 0.1 1.56 0.44 0.2 1.6 1.71 3.51 1.77 0.78 0.07 0.17 1.83 1.91 van
0.89 0.48 0.85 1.89 0.64 0.08 1.69 0.39 0.2 1.53 1.88 4.27 1.9 0.64 0.16 0.05 1.95 2.01 saab
0.83 0.41 0.7 1.55 0.65 0.07 1.44 0.46 0.19 1.41 1.68 3.09 1.47 0.71 0.04 0.12 1.88 1.95 bus
0.88 0.43 0.84 1.36 0.55 0.11 1.54 0.44 0.19 1.5 1.74 3.5 1.64 0.73 0.06 0.02 1.85 1.96 van
0.96 0.47 1.03 2.15 0.69 0.1 2 0.33 0.23 1.47 2.2 5.98 2 0.73 0.06 0.06 1.87 1.94 opel
0.88 0.37 0.57 1.32 0.62 0.06 1.35 0.5 0.18 1.25 1.51 2.65 1.44 0.83 0.16 0.16 1.8 1.84 saab
0.98 0.38 0.66 1.3 0.55 0.07 1.3 0.51 0.18 1.38 1.6 2.51 1.23 0.69 0.03 0.12 1.91 1.94 van
0.89 0.45 0.81 2.46 1.02 0.43 1.55 0.44 0.2 1.6 2 3.47 1.77 0.9 0.09 0.17 1.83 1.92 van
0.87 0.42 0.76 1.59 0.65 0.05 1.55 0.42 0.19 1.38 1.84 3.62 1.57 0.76 0.06 0.12 1.89 1.93 bus
0.93 0.36 0.63 1.39 0.57 0.08 1.32 0.5 0.18 1.36 1.58 2.6 1.21 0.67 0.03 0.27 1.93 2.01 van
1.09 0.55 1.02 1.69 0.51 0.06 2.41 0.27 0.26 1.65 2.65 8.7 2.47 0.84 0.1 0.11 1.84 1.83 bus
0.9 0.38 0.75 1.64 0.64 0.07 1.51 0.43 0.19 1.31 1.68 3.45 1.39 0.66 0 0 1.95 2.04 bus
0.98 0.52 0.86 2.07 0.69 0.05 1.92 0.33 0.22 1.61 2.12 5.7 2.21 0.75 0.04 0.06 1.94 1.95 bus
0.82 0.37 0.66 1.26 0.54 0.07 1.32 0.52 0.18 1.27 1.48 2.52 1.42 0.72 0.17 0.07 1.83 1.87 saab
0.91 0.4 0.98 1.92 0.64 0.09 1.77 0.38 0.21 1.35 1.94 4.65 1.65 0.66 0.09 0.35 1.95 2.05 saab
0.98 0.4 0.77 1.71 0.61 0.06 1.72 0.37 0.21 1.39 1.97 4.57 1.41 0.72 0.04 0.17 1.99 2.01 bus
1.06 0.53 0.98 1.93 0.6 0.1 2.15 0.31 0.24 1.69 2.24 6.81 2.18 0.73 0.08 0.21 1.88 1.97 saab
0.93 0.43 0.78 1.66 0.59 0.07 1.51 0.44 0.19 1.41 1.82 3.42 1.74 0.68 0.15 0.02 1.93 1.97 opel
0.94 0.37 0.72 1.93 0.72 0.06 1.58 0.41 0.19 1.33 1.84 3.85 1.27 0.7 0 0.14 2 2.04 bus
0.89 0.36 0.68 1.49 0.6 0.08 1.33 0.5 0.18 1.34 1.53 2.65 1.19 0.62 0.06 0.18 2.01 2.09 van
0.85 0.45 0.7 1.3 0.58 0.08 1.51 0.45 0.19 1.46 1.71 3.34 1.87 0.79 0.02 0.05 1.81 1.86 bus
0.86 0.45 0.73 1.52 0.63 0.06 1.49 0.44 0.19 1.45 1.7 3.35 1.76 0.71 0.06 0.01 1.89 1.96 bus
1.06 0.48 1.07 2.02 0.61 0.1 2.07 0.32 0.24 1.53 2.27 6.35 2 0.7 0.05 0.28 1.9 2.03 saab
1.07 0.52 1.03 1.86 0.57 0.11 2.14 0.31 0.24 1.62 2.17 6.76 1.89 0.66 0.06 0.05 1.89 1.98 opel
1.09 0.51 1 1.97 0.59 0.1 1.92 0.34 0.22 1.61 2.1 5.53 1.95 0.64 0.14 0.03 1.96 2.02 opel
1.09 0.48 1.07 2.15 0.62 0.1 2.05 0.32 0.23 1.58 2.22 6.24 1.68 0.65 0.09 0.32 1.95 2.06 opel
0.9 0.5 0.9 1.88 0.61 0.1 1.81 0.36 0.21 1.58 2.11 4.92 2.2 0.69 0.06 0.19 1.91 1.99 saab
0.93 0.45 0.83 1.42 0.56 0.1 1.57 0.43 0.2 1.55 1.8 3.64 1.88 0.75 0.01 0.21 1.84 1.97 van
0.82 0.41 0.7 1.55 0.64 0.07 1.48 0.45 0.19 1.38 1.72 3.28 1.52 0.72 0.05 0.17 1.87 1.95 bus
0.96 0.52 1.04 2.22 0.67 0.09 1.98 0.33 0.23 1.63 2.17 5.89 2.26 0.67 0.12 0.2 1.92 2.01 opel
0.9 0.42 0.63 1.26 0.55 0.07 1.52 0.45 0.19 1.42 1.73 3.36 1.73 0.81 0 0.15 1.8 1.84 bus
0.93 0.4 0.62 1.17 0.49 0.07 1.31 0.52 0.18 1.45 1.6 2.49 1.56 0.78 0.08 0.06 1.84 1.84 van
0.91 0.41 0.66 1.31 0.56 0.09 1.26 0.53 0.18 1.44 1.59 2.37 1.55 0.72 0.03 0.1 1.91 1.94 van
0.95 0.45 1.05 2.08 0.64 0.1 1.87 0.36 0.22 1.5 2.02 5.2 1.58 0.64 0.07 0.32 1.98 2.11 saab
0.89 0.37 0.51 1.11 0.54 0.05 1.2 0.56 0.17 1.27 1.38 2.13 1.47 0.82 0.07 0.04 1.81 1.83 van
1.02 0.51 0.92 1.94 0.6 0.06 2.2 0.3 0.25 1.62 2.47 7.31 2.09 0.8 0.07 0.07 1.88 1.86 bus
1.05 0.54 1 2.2 0.69 0.1 2.21 0.3 0.25 1.7 2.32 7.18 2.02 0.73 0 0.13 1.87 1.99 saab
1.13 0.57 1.09 1.94 0.56 0.06 2.6 0.26 0.28 1.75 2.88 9.82 2.61 0.85 0.11 0.21 1.82 1.83 bus
0.87 0.43 0.65 1.27 0.56 0.08 1.49 0.46 0.19 1.43 1.69 3.22 1.71 0.85 0.06 0.03 1.8 1.82 bus
0.98 0.51 0.96 2.03 0.66 0.1 1.88 0.35 0.22 1.57 2.07 5.33 2.31 0.68 0.1 0.01 1.91 1.99 saab
0.94 0.38 0.88 1.79 0.6 0.07 1.7 0.39 0.21 1.31 1.88 4.35 1.44 0.66 0.02 0.28 1.95 2.04 saab
0.82 0.44 0.63 1.23 0.54 0.07 1.51 0.45 0.19 1.47 1.66 3.29 1.85 0.81 0.03 0.04 1.79 1.82 bus
1.06 0.49 0.96 2.01 0.61 0.1 1.81 0.36 0.21 1.58 1.97 4.94 1.8 0.62 0.19 0.15 2.02 2.09 opel
0.89 0.44 0.82 1.36 0.54 0.06 1.49 0.45 0.19 1.44 1.7 3.32 1.68 0.68 0.1 0.14 1.88 1.93 opel
0.93 0.43 0.88 1.7 0.66 0.09 1.5 0.45 0.19 1.47 1.64 3.34 1.43 0.65 0.02 0.17 1.96 2.06 van
0.89 0.38 0.8 1.69 0.59 0.07 1.61 0.41 0.2 1.31 1.86 3.89 1.37 0.68 0.05 0.15 1.92 1.97 saab
0.98 0.44 0.78 1.6 0.63 0.08 1.42 0.47 0.18 1.48 1.6 3 1.71 0.63 0.19 0.02 2.01 2.07 van
1.04 0.52 0.96 1.88 0.59 0.09 1.88 0.35 0.22 1.61 2.06 5.3 2.05 0.67 0.11 0.08 1.93 2 opel
0.99 0.57 1.09 2.2 0.66 0.11 2.21 0.3 0.25 1.76 2.34 7.25 2.36 0.7 0.1 0.25 1.88 2 opel
0.86 0.42 0.65 1.25 0.54 0.07 1.5 0.45 0.19 1.4 1.71 3.27 1.72 0.85 0.02 0.08 1.8 1.82 bus
1.07 0.57 1.02 1.84 0.55 0.07 2.34 0.28 0.26 1.71 2.43 8.22 2.29 0.77 0.07 0.11 1.87 1.87 bus
1.09 0.54 1.03 2.05 0.63 0.11 2.22 0.3 0.25 1.75 2.29 7.2 2.13 0.71 0.06 0.14 1.87 2 saab
0.89 0.44 0.76 1.25 0.54 0.1 1.56 0.44 0.2 1.51 1.63 3.52 1.76 0.76 0.12 0.12 1.84 1.93 van
0.99 0.51 0.88 1.88 0.62 0.05 2.03 0.32 0.23 1.58 2.22 6.25 2.19 0.77 0.08 0.26 1.91 1.9 bus
0.97 0.45 0.91 1.61 0.63 0.1 1.51 0.45 0.19 1.48 1.66 3.34 1.71 0.65 0.18 0.2 1.97 2.05 van
0.87 0.41 0.73 1.58 0.64 0.07 1.51 0.44 0.19 1.38 1.75 3.41 1.52 0.73 0.03 0.08 1.9 1.94 bus
0.89 0.4 0.72 1.55 0.63 0.07 1.46 0.45 0.19 1.35 1.75 3.21 1.45 0.72 0.04 0.1 1.92 1.96 bus
0.86 0.4 0.75 1.46 0.62 0.06 1.4 0.48 0.18 1.35 1.58 2.9 1.62 0.72 0.03 0.21 1.83 1.9 opel
0.83 0.37 0.54 1.31 0.61 0.04 1.35 0.5 0.18 1.27 1.52 2.71 1.41 0.85 0.03 0.06 1.8 1.83 saab
1.02 0.54 1.01 1.9 0.58 0.1 2.22 0.3 0.25 1.71 2.24 7.28 2.03 0.71 0.13 0.06 1.89 1.98 opel
0.99 0.55 1.01 2.19 0.68 0.1 2.24 0.3 0.25 1.78 2.28 7.37 2.13 0.74 0.11 0.2 1.87 1.96 opel
1.01 0.54 1.06 1.88 0.57 0.07 2.36 0.28 0.26 1.64 2.56 8.33 2.53 0.81 0.06 0.14 1.85 1.85 bus
1.17 0.52 1.1 2.28 0.65 0.12 2.12 0.31 0.24 1.63 2.28 6.68 2.2 0.66 0.21 0.25 1.94 2.05 saab
0.88 0.44 0.77 1.67 0.59 0.06 1.51 0.44 0.19 1.45 1.75 3.43 1.77 0.64 0.09 0.12 2.02 2.08 opel
0.95 0.44 0.84 1.58 0.62 0.1 1.45 0.46 0.19 1.48 1.63 3.12 1.66 0.64 0.1 0.06 1.99 2.06 van
0.89 0.4 0.69 1.47 0.58 0.06 1.32 0.5 0.18 1.37 1.55 2.6 1.51 0.61 0.16 0.06 2.03 2.09 opel
0.97 0.46 1.01 2.1 0.66 0.08 1.92 0.35 0.22 1.51 2.08 5.46 1.69 0.66 0.01 0.32 1.91 2 opel
0.88 0.38 0.58 1.37 0.6 0.05 1.48 0.46 0.19 1.31 1.63 3.19 1.57 0.86 0.12 0 1.8 1.83 saab
0.91 0.46 0.78 1.48 0.61 0.09 1.47 0.45 0.19 1.52 1.68 3.23 1.99 0.7 0.13 0.11 1.89 2 van
0.81 0.47 0.69 1.46 0.64 0.06 1.51 0.44 0.19 1.47 1.71 3.4 1.95 0.75 0.05 0 1.83 1.88 bus
0.98 0.5 0.9 1.92 0.63 0.09 1.77 0.37 0.21 1.55 1.95 4.72 1.97 0.65 0.1 0.01 1.93 2.01 saab
0.93 0.42 0.88 1.88 0.62 0.1 1.83 0.36 0.21 1.41 2.08 5.04 1.68 0.7 0.03 0.12 1.89 1.97 opel
0.91 0.45 0.76 1.71 0.69 0.07 1.5 0.44 0.19 1.44 1.7 3.4 1.79 0.69 0.12 0.01 1.95 2.01 bus
1.09 0.49 1.09 1.93 0.59 0.1 2.07 0.32 0.24 1.56 2.25 6.35 2.13 0.7 0.13 0.31 1.91 2.02 saab
0.87 0.45 0.82 1.64 0.6 0.08 1.56 0.42 0.19 1.44 1.81 3.66 1.74 0.7 0.02 0.02 1.9 1.96 opel
1 0.49 0.96 2.06 0.63 0.09 1.86 0.35 0.22 1.56 2.02 5.19 1.76 0.62 0.03 0.05 1.97 2.05 opel
1.08 0.52 1.09 1.82 0.55 0.12 2.16 0.31 0.24 1.71 2.29 6.87 2.14 0.72 0.1 0.28 1.89 2.01 saab
1.01 0.46 1.05 1.95 0.61 0.1 1.98 0.34 0.23 1.5 2.13 5.78 1.95 0.66 0.07 0.38 1.92 2.05 saab
0.95 0.47 0.81 1.76 0.59 0.07 1.68 0.39 0.2 1.52 1.96 4.25 1.85 0.67 0.04 0.04 1.91 1.98 saab
0.89 0.47 0.85 1.47 0.58 0.1 1.53 0.44 0.19 1.51 1.75 3.49 1.86 0.74 0.13 0.07 1.86 1.97 van
0.87 0.45 0.77 1.53 0.59 0.07 1.54 0.44 0.19 1.45 1.81 3.5 1.72 0.75 0.15 0.14 1.84 1.89 opel
1.08 0.54 1.05 2.03 0.62 0.11 2.02 0.33 0.23 1.64 2.16 6.08 2.35 0.68 0.12 0.03 1.9 2 saab
0.9 0.47 0.85 1.49 0.6 0.1 1.55 0.43 0.19 1.55 1.79 3.55 1.86 0.75 0.01 0.05 1.85 1.96 van
0.82 0.37 0.59 1.34 0.63 0.07 1.35 0.51 0.18 1.28 1.51 2.64 1.43 0.82 0.11 0.24 1.79 1.85 saab
0.84 0.45 0.68 1.48 0.64 0.06 1.46 0.46 0.19 1.42 1.68 3.17 1.8 0.75 0.05 0.01 1.83 1.87 bus
0.89 0.47 0.81 1.56 0.57 0.08 1.61 0.41 0.2 1.49 1.87 3.88 1.97 0.72 0.09 0.15 1.87 1.93 opel
0.96 0.41 0.77 1.77 0.64 0.05 1.77 0.36 0.21 1.34 2.05 4.85 1.48 0.74 0 0.04 1.96 1.98 bus
0.97 0.45 0.72 1.87 0.71 0.05 1.61 0.4 0.2 1.44 1.78 3.99 1.86 0.7 0.07 0.07 1.96 2.03 bus
0.97 0.47 0.87 1.64 0.64 0.09 1.56 0.43 0.2 1.49 1.73 3.59 1.82 0.68 0.01 0.13 1.92 2.02 van
0.96 0.47 0.77 2.04 0.72 0.06 1.67 0.38 0.2 1.5 1.88 4.29 1.82 0.69 0.06 0.16 1.99 2.03 bus
0.87 0.36 0.53 1.17 0.58 0.04 1.18 0.57 0.17 1.25 1.38 2.05 1.38 0.85 0.09 0.15 1.8 1.83 van
1.09 0.52 0.95 1.89 0.58 0.04 2.27 0.29 0.25 1.58 2.62 7.76 2.17 0.82 0 0.19 1.87 1.86 bus
1.04 0.51 1.08 1.93 0.59 0.11 2.17 0.31 0.24 1.63 2.32 6.94 2.03 0.72 0.15 0.22 1.9 2.01 saab
0.87 0.37 0.6 1.32 0.57 0.06 1.28 0.52 0.18 1.29 1.54 2.43 1.32 0.71 0.01 0.14 1.86 1.92 saab
0.82 0.36 0.54 1.17 0.53 0.07 1.25 0.54 0.18 1.26 1.46 2.29 1.28 0.78 0.01 0.05 1.8 1.84 saab
1.05 0.56 0.98 2.09 0.64 0.11 2.17 0.31 0.24 1.73 2.25 6.96 2.16 0.72 0.02 0.19 1.88 1.99 opel
0.8 0.39 0.6 1.22 0.56 0.06 1.39 0.49 0.18 1.31 1.51 2.81 1.42 0.8 0 0.05 1.79 1.86 opel
1.06 0.54 1 2.27 0.67 0.04 2.5 0.27 0.27 1.62 2.8 9.23 2.62 0.88 0.05 0.11 1.82 1.82 bus
0.81 0.46 0.71 1.41 0.61 0.07 1.53 0.44 0.19 1.48 1.77 3.47 1.9 0.8 0.01 0.14 1.82 1.87 bus
1 0.51 1.09 2.24 0.67 0.09 2.17 0.3 0.24 1.62 2.38 7.04 2.06 0.72 0.06 0.18 1.89 1.99 opel
0.88 0.44 0.71 1.45 0.56 0.08 1.42 0.48 0.19 1.43 1.59 2.96 1.74 0.68 0.07 0.18 1.88 1.97 opel
0.94 0.49 0.87 1.59 0.64 0.1 1.57 0.43 0.2 1.58 1.79 3.63 2.03 0.75 0.04 0 1.83 1.94 van
0.99 0.43 0.89 1.95 0.63 0.08 1.86 0.35 0.22 1.44 2.1 5.21 1.66 0.68 0.06 0.13 1.91 1.99 saab
0.9 0.47 0.85 1.45 0.58 0.09 1.52 0.44 0.19 1.55 1.75 3.45 1.84 0.73 0.04 0.02 1.86 1.97 van
0.94 0.47 0.85 3.33 1.38 0.49 1.55 0.43 0.19 1.55 3.2 3.54 1.87 1.35 0.12 0.09 1.88 1.96 van
1 0.57 1.07 2.07 0.63 0.11 2.27 0.3 0.25 1.8 2.34 7.56 2.05 0.72 0.06 0.19 1.86 1.98 opel
0.86 0.42 0.65 1.13 0.5 0.08 1.52 0.45 0.19 1.41 1.69 3.32 1.71 0.85 0.04 0.16 1.79 1.83 bus
0.91 0.38 0.7 1.6 0.66 0.25 1.4 0.47 0.18 1.39 1.62 2.96 1.3 0.67 0.04 0.11 1.92 2.02 van
0.93 0.44 0.9 1.66 0.65 0.1 1.53 0.44 0.19 1.56 1.7 3.48 1.43 0.66 0.09 0.17 1.94 2.03 van
0.86 0.47 0.75 1.65 0.68 0.06 1.54 0.43 0.19 1.46 1.76 3.56 1.9 0.74 0.07 0.03 1.88 1.94 bus
0.9 0.49 0.83 1.87 0.63 0.07 1.76 0.37 0.21 1.54 2.05 4.67 2.22 0.7 0.01 0.02 1.89 1.95 saab
0.97 0.37 0.76 1.69 0.6 0.08 1.61 0.41 0.2 1.31 1.89 3.91 1.36 0.72 0 0 1.88 1.92 opel
1.08 0.57 1.06 1.77 0.51 0.05 2.56 0.26 0.28 1.7 2.85 9.66 2.61 0.87 0.11 0.02 1.82 1.81 bus
0.89 0.41 0.75 1.62 0.66 0.05 1.53 0.43 0.19 1.36 1.75 3.52 1.54 0.72 0.02 0 1.88 1.95 bus
0.98 0.38 0.7 1.86 0.68 0.06 1.64 0.39 0.2 1.36 1.89 4.13 1.29 0.71 0.03 0.17 2 2.03 bus
0.87 0.42 0.64 1.5 0.64 0.1 1.33 0.5 0.18 1.41 1.57 2.65 1.59 0.67 0.07 0 1.93 2.01 van
1.07 0.53 1.08 2.13 0.64 0.12 2.06 0.32 0.23 1.63 2.16 6.27 2.02 0.65 0.21 0.22 1.94 2.05 saab
0.85 0.37 0.8 1.58 0.59 0.08 1.53 0.44 0.19 1.26 1.79 3.48 1.36 0.69 0.06 0.21 1.91 1.97 opel
1.01 0.52 1.05 1.62 0.53 0.1 2.12 0.31 0.24 1.63 2.26 6.69 2.04 0.74 0.12 0.11 1.86 1.94 opel
0.96 0.39 0.77 1.6 0.62 0.08 1.4 0.47 0.18 1.5 1.61 2.94 1.24 0.62 0.15 0.03 2.01 2.08 van
1.03 0.48 1.01 2.04 0.62 0.12 2 0.33 0.23 1.58 2.15 5.95 1.64 0.66 0.08 0.22 1.92 2.02 opel
0.88 0.4 0.73 1.73 0.68 0.07 1.5 0.44 0.19 1.37 1.74 3.41 1.51 0.69 0.02 0.2 1.96 2 bus
0.8 0.38 0.64 1.3 0.59 0.08 1.34 0.51 0.18 1.26 1.52 2.59 1.35 0.76 0.01 0.23 1.79 1.88 opel
0.91 0.38 0.75 1.36 0.53 0.06 1.44 0.47 0.19 1.31 1.65 3.05 1.49 0.69 0.01 0.07 1.86 1.91 saab
0.86 0.45 0.71 1.55 0.66 0.07 1.46 0.45 0.19 1.44 1.67 3.22 1.76 0.72 0.05 0.06 1.89 1.96 bus
0.86 0.38 0.86 1.75 0.6 0.09 1.7 0.39 0.21 1.34 1.91 4.33 1.38 0.68 0.01 0.28 1.91 1.99 saab
0.89 0.45 0.77 1.88 0.64 0.09 1.61 0.41 0.2 1.51 1.9 3.9 1.74 0.66 0.04 0.02 1.94 2.01 saab
0.78 0.36 0.51 1.16 0.56 0.04 1.2 0.57 0.17 1.24 1.35 2.09 1.35 0.84 0.01 0.12 1.77 1.84 opel
0.8 0.43 0.71 1.33 0.6 0.07 1.5 0.45 0.19 1.46 1.7 3.3 1.76 0.81 0.06 0.15 1.8 1.84 bus
0.88 0.36 0.78 1.6 0.62 0.06 1.4 0.48 0.18 1.23 1.61 2.87 1.29 0.66 0.04 0.35 1.94 2.02 opel
0.85 0.45 0.82 1.33 0.56 0.11 1.59 0.43 0.2 1.56 1.7 3.62 1.73 0.76 0.1 0.21 1.83 1.93 van
1.01 0.53 1.08 1.84 0.54 0.12 2.16 0.31 0.24 1.72 2.2 6.85 1.87 0.68 0.04 0.24 1.9 2.01 opel
0.89 0.44 0.7 1.58 0.64 0.06 1.41 0.47 0.18 1.43 1.64 2.99 1.73 0.66 0.09 0.11 1.93 1.99 bus
0.96 0.36 0.74 1.83 0.7 0.06 1.49 0.43 0.19 1.27 1.78 3.41 1.27 0.69 0 0.17 2.01 2.05 bus
0.87 0.43 0.7 1.69 0.72 0.07 1.52 0.44 0.19 1.45 1.77 3.41 1.71 0.76 0.06 0.12 1.84 1.87 bus
0.93 0.34 0.72 1.44 0.56 0.06 1.33 0.5 0.18 1.23 1.58 2.63 1.25 0.63 0.05 0.2 2 2.06 saab
0.96 0.39 0.58 1.17 0.51 0.06 1.33 0.52 0.18 1.39 1.54 2.55 1.5 0.86 0.06 0 1.81 1.82 van
0.98 0.48 1.01 1.95 0.61 0.11 2.07 0.31 0.23 1.52 2.27 6.5 1.93 0.71 0.05 0.07 1.89 1.96 opel
0.9 0.34 0.66 1.58 0.59 0.07 1.4 0.47 0.18 1.24 1.65 2.98 1.17 0.61 0.01 0.03 2.01 2.07 saab
0.85 0.45 0.7 1.2 0.54 0.07 1.49 0.45 0.19 1.45 1.69 3.26 1.86 0.81 0.08 0.04 1.81 1.84 bus
0.91 0.41 0.93 1.97 0.65 0.09 1.83 0.36 0.21 1.37 2.02 5.04 1.53 0.66 0.11 0.24 1.93 2 opel
0.89 0.36 0.69 1.42 0.57 0.07 1.35 0.5 0.18 1.26 1.54 2.66 1.28 0.66 0.03 0.36 1.93 2.03 opel
1.06 0.53 0.98 2.03 0.63 0.11 2.2 0.3 0.25 1.67 2.28 7.1 2.14 0.71 0.1 0.24 1.88 1.97 opel
0.86 0.38 0.89 1.76 0.59 0.09 1.69 0.39 0.2 1.32 1.9 4.28 1.48 0.67 0.07 0.33 1.93 2.02 opel
1.12 0.5 1.04 1.97 0.58 0.11 2.08 0.32 0.24 1.59 2.23 6.39 1.86 0.67 0.15 0.22 1.91 2.02 saab
0.84 0.37 0.7 1.45 0.62 0.09 1.36 0.48 0.18 1.34 1.59 2.8 1.4 0.68 0.11 0.09 1.94 2.02 van
1.04 0.53 1.08 2.06 0.61 0.11 2.17 0.31 0.24 1.68 2.26 6.94 2.09 0.67 0 0.09 1.88 2.01 saab
0.99 0.47 0.91 2.26 0.74 0.05 2.02 0.32 0.23 1.48 2.34 6.29 1.86 0.79 0.04 0.11 1.92 1.91 bus
0.84 0.38 0.83 1.41 0.54 0.07 1.49 0.45 0.19 1.32 1.77 3.27 1.49 0.74 0.06 0.29 1.85 1.91 saab
0.85 0.42 0.7 1.3 0.56 0.07 1.5 0.45 0.19 1.45 1.77 3.28 1.72 0.82 0.1 0.14 1.81 1.85 bus
1.04 0.51 1.05 1.68 0.54 0.1 2.08 0.32 0.24 1.62 2.2 6.41 2.21 0.72 0.09 0.2 1.87 1.97 saab
0.85 0.37 0.68 1.45 0.6 0.06 1.3 0.51 0.18 1.3 1.5 2.53 1.21 0.65 0.03 0.14 1.95 2.03 van
0.93 0.42 0.64 1.23 0.51 0.07 1.35 0.51 0.18 1.44 1.64 2.62 1.55 0.78 0.16 0.12 1.85 1.85 van
0.84 0.4 0.71 1.31 0.55 0.07 1.5 0.45 0.19 1.34 1.67 3.3 1.65 0.8 0.12 0.01 1.8 1.86 opel
0.91 0.49 0.86 1.95 0.63 0.08 1.77 0.37 0.21 1.56 2.03 4.73 2.01 0.67 0.07 0.05 1.92 1.98 opel
0.98 0.47 1.09 2.02 0.59 0.11 1.99 0.34 0.23 1.54 2.07 5.86 1.65 0.61 0.01 0.33 1.94 2.08 saab
1.01 0.51 0.98 1.94 0.6 0.1 1.95 0.34 0.22 1.61 2.19 5.72 2.19 0.67 0 0.1 1.92 2.01 saab
0.9 0.47 0.73 1.36 0.58 0.11 1.61 0.42 0.2 1.53 1.72 3.76 1.85 0.77 0.11 0.08 1.83 1.91 van
0.91 0.36 0.6 1.26 0.56 0.06 1.19 0.56 0.17 1.3 1.39 2.11 1.18 0.67 0.06 0.14 1.92 1.98 van
0.99 0.5 0.88 2.04 0.64 0.1 1.85 0.35 0.22 1.59 2.09 5.17 1.93 0.66 0.12 0.11 1.94 2.01 opel
1.02 0.53 1.01 2.38 0.72 0.04 2.38 0.28 0.26 1.63 2.67 8.44 2.42 0.85 0.07 0.22 1.84 1.84 bus
0.89 0.46 0.74 1.35 0.59 0.09 1.57 0.44 0.2 1.58 1.7 3.56 1.77 0.79 0.12 0.03 1.84 1.91 van
1.01 0.52 1.01 1.97 0.62 0.09 1.88 0.35 0.22 1.62 2.08 5.27 2.03 0.67 0.14 0.15 1.93 2.02 saab
0.95 0.57 1.04 2.28 0.74 0.1 2.12 0.31 0.24 1.75 2.24 6.7 2.23 0.74 0 0.04 1.86 1.93 opel
1.01 0.53 0.91 1.94 0.65 0.06 2.04 0.32 0.23 1.61 2.31 6.36 2.14 0.78 0.05 0.14 1.92 1.92 bus
0.91 0.39 0.82 1.64 0.68 0.1 1.43 0.46 0.19 1.37 1.64 3.08 1.58 0.68 0.13 0.09 1.91 2.01 van
0.91 0.46 0.75 1.85 0.75 0.07 1.54 0.42 0.19 1.47 1.78 3.62 1.92 0.72 0.08 0.08 1.92 1.99 bus
0.94 0.37 0.74 1.69 0.59 0.07 1.62 0.41 0.2 1.33 1.78 3.94 1.3 0.63 0.06 0.06 1.98 2.04 opel
0.92 0.38 0.74 1.78 0.62 0.09 1.61 0.41 0.2 1.35 1.81 3.88 1.32 0.63 0.07 0.29 1.97 2.06 opel
0.95 0.43 0.71 1.59 0.64 0.06 1.45 0.45 0.19 1.41 1.69 3.22 1.71 0.67 0.08 0.04 1.95 2 bus
1.06 0.52 1.01 2.13 0.64 0.11 2.01 0.33 0.23 1.58 2.14 6.07 2.04 0.65 0.02 0.04 1.92 2.04 saab
0.81 0.43 0.68 1.39 0.62 0.07 1.49 0.46 0.19 1.45 1.72 3.23 1.71 0.83 0.01 0.14 1.8 1.84 bus
0.92 0.43 0.7 1.24 0.52 0.06 1.39 0.49 0.18 1.44 1.64 2.82 1.72 0.79 0.04 0.16 1.83 1.85 van
0.83 0.45 0.73 1.61 0.68 0.08 1.42 0.46 0.18 1.44 1.69 3.05 1.79 0.71 0.1 0.03 1.91 1.99 van
1.03 0.57 1.05 2.21 0.69 0.11 2.18 0.3 0.24 1.73 2.26 7.06 2.5 0.73 0.1 0.02 1.87 1.95 opel
0.98 0.42 0.9 1.92 0.61 0.09 1.78 0.37 0.21 1.44 1.89 4.8 1.38 0.61 0.03 0.08 1.99 2.08 saab
0.9 0.41 0.62 1.47 0.6 0.06 1.28 0.52 0.18 1.41 1.49 2.46 1.57 0.61 0.13 0.04 2.01 2.08 van
1.06 0.52 1.07 2.11 0.62 0.08 2 0.33 0.23 1.61 2.18 6.02 2 0.67 0.09 0.17 1.94 2.01 opel
0.97 0.47 0.81 1.83 0.64 0.08 1.68 0.39 0.2 1.5 1.93 4.26 1.82 0.7 0.11 0.02 1.92 1.98 opel
0.85 0.4 0.66 1.21 0.52 0.04 1.52 0.44 0.19 1.33 1.7 3.4 1.63 0.87 0.13 0.03 1.8 1.83 opel
1 0.49 0.8 2.06 0.7 0.06 1.83 0.35 0.21 1.56 2.06 5.17 1.98 0.73 0.03 0.13 1.98 1.99 bus
0.82 0.43 0.71 1.54 0.68 0.07 1.5 0.45 0.19 1.43 1.71 3.3 1.73 0.78 0.07 0.11 1.81 1.86 bus
0.78 0.43 0.7 1.47 0.65 0.08 1.47 0.46 0.19 1.45 1.69 3.19 1.68 0.77 0.01 0.12 1.81 1.86 bus
0.96 0.54 1.04 1.75 0.58 0.1 2.15 0.31 0.24 1.75 2.21 6.82 2.22 0.75 0.13 0.23 1.86 1.94 opel
1.05 0.51 1.08 2.01 0.62 0.11 2.2 0.3 0.25 1.63 2.32 7.11 2.02 0.72 0.12 0.16 1.89 2 saab
0.92 0.4 0.62 1.44 0.59 0.08 1.27 0.52 0.17 1.39 1.49 2.41 1.5 0.62 0.13 0.01 2.04 2.1 van
0.91 0.44 0.66 1.51 0.63 0.07 1.37 0.48 0.18 1.46 1.66 2.8 1.67 0.72 0.01 0.09 1.88 1.94 van
1.04 0.55 1.09 2.3 0.67 0.12 2.18 0.3 0.24 1.74 2.3 7.06 2.26 0.67 0.08 0.22 1.91 2.02 opel
1.05 0.5 0.93 1.73 0.54 0.04 2.22 0.3 0.25 1.59 2.54 7.35 2.06 0.83 0.04 0.12 1.86 1.84 bus
1.07 0.56 1.05 2.02 0.61 0.11 2.21 0.3 0.25 1.79 2.34 7.25 2.12 0.72 0.15 0.01 1.89 1.96 opel
0.82 0.4 0.73 1.41 0.57 0.08 1.53 0.44 0.19 1.33 1.73 3.42 1.53 0.75 0.11 0.09 1.81 1.87 opel
0.97 0.55 1.04 2.19 0.71 0.09 2.11 0.32 0.24 1.71 2.22 6.58 2.23 0.74 0.01 0.24 1.86 1.96 saab
1.01 0.55 1.01 1.83 0.57 0.13 2.25 0.3 0.25 1.77 2.25 7.41 2.04 0.71 0.05 0.1 1.86 1.98 opel
0.89 0.46 0.78 1.5 0.63 0.11 1.6 0.43 0.2 1.6 1.7 3.67 1.76 0.73 0.05 0.09 1.85 1.94 van
0.94 0.45 0.89 2.13 0.71 0.05 1.86 0.35 0.22 1.45 2.04 5.33 1.82 0.71 0.04 0.13 1.95 1.98 bus
0.86 0.42 0.64 1.22 0.54 0.06 1.48 0.46 0.19 1.43 1.7 3.19 1.71 0.87 0.01 0.03 1.79 1.82 bus
1.04 0.55 1 2.01 0.66 0.1 2.14 0.31 0.24 1.73 2.24 6.8 2.21 0.74 0.01 0.01 1.85 1.94 saab
1.04 0.54 0.91 2.09 0.67 0.11 2.18 0.31 0.24 1.7 2.23 6.97 1.96 0.74 0.04 0.21 1.87 1.96 opel
0.94 0.46 0.79 1.81 0.62 0.08 1.67 0.4 0.2 1.48 1.9 4.18 1.93 0.67 0.12 0.15 1.91 1.98 opel
0.86 0.38 0.76 1.43 0.59 0.08 1.42 0.47 0.18 1.31 1.67 3.01 1.38 0.71 0.05 0.1 1.89 1.96 van
0.9 0.48 0.78 1.43 0.6 0.11 1.61 0.43 0.2 1.59 1.72 3.74 1.86 0.75 0.02 0.02 1.84 1.93 van
0.83 0.46 0.71 1.56 0.7 0.06 1.51 0.44 0.19 1.47 1.74 3.38 1.98 0.8 0.03 0.11 1.81 1.86 bus
1.04 0.57 1.03 2.22 0.72 0.12 2.21 0.3 0.25 1.77 2.23 7.18 2.18 0.72 0.11 0.12 1.86 1.95 opel
0.93 0.45 0.81 1.77 0.64 0.07 1.6 0.41 0.2 1.47 1.8 3.83 1.88 0.7 0.11 0.11 1.92 1.99 saab
0.82 0.39 0.86 1.4 0.54 0.07 1.53 0.45 0.19 1.34 1.74 3.38 1.39 0.71 0.11 0.18 1.83 1.89 opel
1.02 0.51 1.08 1.93 0.57 0.1 2.12 0.31 0.24 1.62 2.19 6.63 1.84 0.66 0.07 0.21 1.91 2.01 opel
1.08 0.54 1.09 1.89 0.57 0.11 2.2 0.31 0.25 1.74 2.29 7.09 2.14 0.7 0.12 0.23 1.89 2.01 saab
0.97 0.45 0.76 1.75 0.6 0.09 1.57 0.42 0.2 1.49 1.8 3.7 1.69 0.63 0.16 0.12 1.98 2.06 saab
0.85 0.43 0.66 1.3 0.57 0.06 1.51 0.45 0.19 1.43 1.73 3.33 1.68 0.86 0.04 0.09 1.8 1.83 bus
1.02 0.54 0.98 1.77 0.56 0.1 2.19 0.31 0.25 1.71 2.19 7.06 2.23 0.72 0.05 0.17 1.86 1.96 opel
1.06 0.54 1.05 1.64 0.48 0.05 2.47 0.27 0.27 1.65 2.69 8.91 2.43 0.84 0.12 0.01 1.81 1.82 bus
0.94 0.45 0.72 1.79 0.69 0.06 1.56 0.41 0.19 1.44 1.81 3.73 1.91 0.69 0.05 0.05 1.93 1.98 bus
1.06 0.55 0.98 2.24 0.68 0.11 2.15 0.31 0.24 1.7 2.22 6.79 2.14 0.68 0.02 0.29 1.89 2.01 opel
0.94 0.43 0.82 1.36 0.54 0.1 1.55 0.43 0.19 1.49 1.76 3.59 1.61 0.74 0.01 0.06 1.86 1.97 van
0.88 0.36 0.53 1.13 0.57 0.03 1.18 0.57 0.17 1.28 1.37 2.04 1.36 0.88 0.07 0.14 1.8 1.83 van
1.02 0.54 0.98 1.67 0.53 0.1 2.17 0.31 0.24 1.74 2.28 6.92 2.23 0.72 0 0.31 1.87 1.98 opel
1.01 0.56 1 2.04 0.62 0.12 2.27 0.3 0.25 1.78 2.31 7.57 2.04 0.73 0 0.11 1.86 1.97 opel
1.05 0.54 0.96 1.85 0.57 0.1 2.19 0.3 0.25 1.7 2.31 7.06 2.17 0.75 0.05 0.12 1.87 1.95 opel
0.86 0.36 0.66 1.28 0.57 0.08 1.31 0.52 0.18 1.27 1.48 2.52 1.39 0.76 0.05 0.27 1.83 1.87 opel
0.91 0.39 0.72 1.33 0.55 0.07 1.46 0.46 0.19 1.32 1.7 3.14 1.49 0.77 0.09 0.18 1.84 1.89 saab
0.97 0.46 0.94 2.09 0.67 0.1 1.95 0.34 0.22 1.47 2.24 5.73 1.94 0.7 0 0.14 1.88 1.97 opel
1.15 0.53 1 2.05 0.64 0.11 2.2 0.3 0.25 1.66 2.29 7.1 2.14 0.71 0.21 0.11 1.89 1.99 saab
1.01 0.51 1.12 2.01 0.59 0.11 2.14 0.32 0.24 1.62 2.23 6.67 1.94 0.65 0 0.36 1.9 2.06 saab
0.93 0.35 0.78 1.62 0.6 0.08 1.5 0.45 0.19 1.25 1.72 3.31 1.37 0.67 0.02 0.33 1.91 1.98 opel
0.95 0.46 0.92 1.59 0.63 0.11 1.6 0.42 0.2 1.57 1.76 3.72 1.71 0.7 0.07 0.21 1.89 2 van
1.01 0.55 1.05 1.82 0.59 0.1 2.15 0.31 0.24 1.77 2.21 6.78 2.23 0.74 0.12 0.26 1.86 1.95 opel
0.86 0.43 0.7 1.26 0.56 0.06 1.48 0.46 0.19 1.45 1.66 3.17 1.71 0.86 0.06 0.09 1.79 1.82 bus
0.88 0.38 0.77 1.56 0.56 0.07 1.63 0.41 0.2 1.29 1.84 3.95 1.4 0.67 0.01 0.09 1.92 1.98 opel
1.03 0.54 1.07 1.89 0.56 0.11 2.23 0.3 0.25 1.74 2.25 7.29 2 0.7 0 0.29 1.87 2.01 opel
0.95 0.37 0.71 1.71 0.61 0.09 1.57 0.43 0.2 1.34 1.78 3.65 1.25 0.63 0.05 0.4 1.96 2.08 saab
0.89 0.38 0.74 1.38 0.59 0.07 1.36 0.49 0.18 1.33 1.67 2.78 1.28 0.72 0.07 0.07 1.89 1.93 van
0.76 0.38 0.58 1.25 0.58 0.05 1.33 0.51 0.18 1.27 1.52 2.59 1.45 0.87 0 0.21 1.77 1.84 opel
0.92 0.42 0.75 1.72 0.6 0.08 1.47 0.45 0.19 1.42 1.74 3.22 1.6 0.62 0.22 0.1 2.06 2.11 opel
1.07 0.54 1.08 2.28 0.68 0.12 2.18 0.31 0.25 1.7 2.23 7 2.24 0.67 0.13 0.25 1.9 2.04 saab
0.85 0.4 0.75 1.37 0.56 0.07 1.52 0.44 0.19 1.34 1.73 3.39 1.6 0.76 0.07 0.16 1.82 1.87 saab
0.88 0.39 0.76 1.55 0.62 0.08 1.37 0.48 0.18 1.37 1.56 2.81 1.24 0.63 0.03 0.06 2.01 2.09 van
0.89 0.4 0.89 1.74 0.58 0.08 1.77 0.37 0.21 1.33 2.02 4.71 1.55 0.7 0.07 0.18 1.89 1.96 saab
0.93 0.4 0.73 1.39 0.58 0.06 1.36 0.49 0.18 1.38 1.66 2.75 1.37 0.73 0 0 1.87 1.88 van
0.89 0.36 0.69 1.62 0.63 0.06 1.4 0.48 0.18 1.31 1.64 2.91 1.26 0.66 0.01 0.38 1.93 2.04 saab
0.9 0.43 0.81 2.31 0.97 0.46 1.5 0.45 0.19 1.49 2 3.32 1.64 0.91 0.05 0.09 1.86 1.96 van
1.05 0.52 1.07 2.07 0.6 0.11 2.18 0.31 0.24 1.67 2.21 7.01 1.97 0.66 0 0.2 1.91 2.03 opel
0.92 0.45 0.76 1.62 0.57 0.07 1.59 0.41 0.2 1.47 1.84 3.81 1.77 0.69 0.08 0.1 1.9 1.95 saab
0.97 0.44 0.95 2.02 0.66 0.09 1.88 0.35 0.22 1.44 2.16 5.26 1.75 0.72 0.15 0.11 1.9 1.97 saab
1.09 0.49 1.03 1.86 0.57 0.11 2.06 0.32 0.23 1.56 2.12 6.3 1.86 0.65 0.12 0.21 1.92 2.01 opel
0.95 0.47 0.73 1.95 0.7 0.07 1.67 0.38 0.2 1.52 1.84 4.3 1.85 0.69 0.09 0.19 2 2.06 bus
0.86 0.43 0.61 1.19 0.53 0.08 1.5 0.46 0.19 1.44 1.69 3.26 1.72 0.85 0.08 0.08 1.79 1.82 bus
0.88 0.48 0.9 1.78 0.6 0.08 1.75 0.38 0.21 1.52 2 4.6 1.98 0.68 0.13 0.16 1.92 1.99 saab
1.07 0.55 1.03 1.67 0.49 0.07 2.52 0.27 0.28 1.72 2.69 9.04 2.39 0.83 0.05 0.3 1.79 1.86 bus
1.04 0.49 1.05 2.09 0.61 0.11 2.07 0.32 0.24 1.57 2.17 6.37 1.68 0.64 0 0.19 1.93 2.07 saab
0.89 0.41 0.63 1.34 0.59 0.06 1.23 0.55 0.17 1.37 1.48 2.23 1.5 0.76 0.12 0.03 1.86 1.88 van
0.9 0.39 0.57 1.14 0.48 0.07 1.35 0.51 0.18 1.39 1.55 2.61 1.51 0.85 0.12 0.08 1.83 1.82 van
0.98 0.44 0.88 1.76 0.67 0.1 1.58 0.43 0.2 1.49 1.73 3.67 1.54 0.66 0.14 0.09 1.94 2.02 van
1.02 0.55 1.01 2.13 0.67 0.12 2.22 0.3 0.25 1.77 2.26 7.19 2.13 0.71 0.02 0.21 1.87 1.99 saab
0.86 0.4 0.66 1.39 0.59 0.07 1.22 0.54 0.17 1.39 1.45 2.25 1.43 0.63 0.07 0.11 2.02 2.08 van
1.01 0.49 1.03 2.12 0.67 0.1 2.01 0.33 0.23 1.56 2.15 6.01 1.74 0.69 0.04 0.11 1.89 1.96 opel
1.09 0.55 0.96 1.91 0.57 0.06 2.41 0.28 0.26 1.7 2.67 8.57 2.42 0.85 0.08 0.09 1.84 1.84 bus
0.92 0.45 0.74 1.87 0.74 0.07 1.57 0.41 0.19 1.43 1.79 3.75 1.83 0.7 0.08 0.06 1.95 2.01 bus
0.88 0.34 0.58 1.4 0.59 0.06 1.27 0.52 0.18 1.3 1.48 2.43 1.13 0.63 0.04 0.1 1.99 2.06 van
0.93 0.39 0.86 1.8 0.59 0.09 1.67 0.39 0.2 1.34 1.86 4.18 1.29 0.63 0.06 0.17 1.97 2.04 saab
0.96 0.37 0.74 1.87 0.68 0.08 1.59 0.42 0.2 1.34 1.83 3.78 1.34 0.69 0.03 0.16 1.9 1.97 saab
0.88 0.43 0.7 1.77 0.74 0.19 1.52 0.44 0.19 1.43 1.8 3.42 1.68 0.76 0.01 0.09 1.86 1.89 bus
0.88 0.44 0.84 1.35 0.55 0.12 1.55 0.44 0.2 1.58 1.76 3.51 1.64 0.75 0.07 0.11 1.83 1.95 van
0.92 0.4 0.66 1.11 0.48 0.07 1.39 0.5 0.19 1.4 1.59 2.77 1.48 0.85 0.12 0.19 1.82 1.83 van
0.88 0.44 0.7 1.51 0.61 0.08 1.43 0.46 0.18 1.43 1.63 3.11 1.73 0.68 0.07 0.08 1.96 2.03 bus
0.94 0.39 0.75 1.84 0.72 0.08 1.55 0.42 0.19 1.33 1.75 3.65 1.45 0.7 0.04 0.05 1.92 2 bus
1.07 0.51 1.03 1.82 0.56 0.11 2.13 0.31 0.24 1.62 2.26 6.73 2.17 0.72 0.02 0.04 1.88 1.98 saab
0.86 0.38 0.58 1.19 0.56 0.04 1.18 0.57 0.17 1.29 1.4 2.08 1.52 0.78 0.09 0.02 1.84 1.86 van
0.79 0.39 0.72 1.27 0.53 0.09 1.42 0.48 0.19 1.35 1.65 2.95 1.44 0.77 0.07 0.21 1.81 1.89 opel
0.9 0.39 0.89 1.81 0.62 0.08 1.75 0.38 0.21 1.32 2 4.58 1.54 0.7 0.11 0.15 1.89 1.95 saab
0.86 0.45 0.66 1.26 0.57 0.08 1.48 0.46 0.19 1.45 1.7 3.21 1.86 0.86 0 0.07 1.79 1.82 bus
1.13 0.48 0.98 2.08 0.62 0.09 2.03 0.33 0.23 1.51 2.16 6.13 1.83 0.64 0.17 0.29 1.93 2.04 saab
0.87 0.49 0.86 1.9 0.64 0.09 1.77 0.37 0.21 1.53 1.97 4.71 2.09 0.67 0.11 0.07 1.92 1.99 opel
1.08 0.56 1.02 2.46 0.75 0.06 2.39 0.28 0.26 1.67 2.64 8.55 2.28 0.82 0.09 0.13 1.86 1.85 bus
0.86 0.4 0.66 1.38 0.59 0.04 1.37 0.49 0.18 1.33 1.62 2.79 1.51 0.74 0.06 0.14 1.86 1.9 saab
0.85 0.43 0.66 1.21 0.54 0.07 1.5 0.46 0.19 1.47 1.69 3.24 1.75 0.87 0 0.05 1.79 1.82 bus
1.01 0.56 1.01 2.31 0.72 0.1 2.17 0.31 0.24 1.71 2.32 6.98 2.16 0.72 0.02 0.06 1.87 1.97 saab
1.05 0.55 0.96 1.81 0.56 0.09 2.19 0.3 0.25 1.75 2.31 7.13 2.16 0.74 0.04 0.05 1.87 1.94 opel
0.88 0.39 0.88 1.94 0.69 0.08 1.68 0.4 0.2 1.33 1.99 4.16 1.51 0.74 0.03 0.22 1.86 1.92 opel
1.13 0.53 0.93 1.97 0.62 0.11 2.16 0.31 0.24 1.65 2.21 6.88 1.96 0.72 0.06 0.25 1.88 1.99 saab
0.89 0.42 0.75 1.4 0.55 0.06 1.45 0.46 0.19 1.39 1.7 3.12 1.66 0.71 0.15 0.26 1.91 1.98 opel
0.98 0.35 0.7 1.82 0.68 0.05 1.55 0.41 0.19 1.24 1.84 3.71 1.17 0.71 0.03 0.22 2.02 2.05 bus
1.01 0.48 0.85 1.91 0.6 0.11 1.75 0.38 0.21 1.53 1.92 4.58 1.87 0.62 0.05 0.22 1.97 2.1 saab
1.08 0.54 1.03 2.12 0.65 0.11 2.08 0.32 0.24 1.62 2.28 6.48 2.4 0.71 0.09 0 1.89 1.97 saab
0.91 0.4 0.83 1.66 0.6 0.08 1.6 0.41 0.2 1.33 1.89 3.83 1.55 0.72 0.05 0.07 1.86 1.91 saab
0.86 0.43 0.69 1.23 0.54 0.06 1.5 0.46 0.19 1.44 1.74 3.25 1.77 0.87 0.03 0.07 1.8 1.82 bus
0.97 0.35 0.66 1.51 0.64 0.08 1.28 0.52 0.18 1.29 1.48 2.46 1.12 0.66 0.06 0.02 1.95 2 van
1.05 0.53 1.08 2.06 0.63 0.12 2.22 0.31 0.25 1.68 2.26 7.12 2.01 0.71 0.15 0.35 1.89 2.03 saab
0.94 0.43 0.69 1.61 0.59 0.07 1.52 0.43 0.19 1.43 1.75 3.49 1.87 0.67 0.12 0.11 1.93 1.98 saab
0.96 0.45 0.87 1.69 0.67 0.1 1.54 0.44 0.19 1.49 1.67 3.51 1.74 0.67 0.09 0.08 1.92 2.01 van
0.89 0.47 0.8 1.31 0.54 0.11 1.6 0.43 0.2 1.63 1.75 3.69 1.74 0.77 0.01 0.07 1.82 1.93 van
1.04 0.55 1.05 2.16 0.68 0.11 2.05 0.32 0.23 1.69 2.21 6.23 2.16 0.71 0.09 0.18 1.89 1.96 opel
1.09 0.54 1.03 2.2 0.66 0.11 2.14 0.31 0.24 1.67 2.29 6.77 2.12 0.7 0.01 0.23 1.88 2.01 saab
1.09 0.53 1.03 2.1 0.63 0.11 2.19 0.3 0.25 1.72 2.29 7.07 2.12 0.71 0.06 0.03 1.88 1.99 saab
0.99 0.54 1 1.99 0.62 0.09 2 0.33 0.23 1.66 2.22 6 2.41 0.7 0.02 0.07 1.89 1.98 opel
0.92 0.46 0.82 1.7 0.58 0.08 1.65 0.4 0.2 1.49 1.81 4.09 1.64 0.61 0.08 0.11 2 2.08 opel
0.84 0.38 0.66 1.38 0.62 0.06 1.26 0.54 0.18 1.32 1.44 2.32 1.39 0.7 0.04 0.07 1.85 1.9 opel
0.85 0.42 0.66 1.2 0.53 0.07 1.49 0.45 0.19 1.45 1.73 3.25 1.63 0.85 0.05 0.04 1.8 1.82 bus
0.89 0.36 0.68 1.41 0.59 0.08 1.39 0.47 0.18 1.3 1.66 2.91 1.27 0.73 0.07 0.01 1.89 1.96 van
1.08 0.53 1.04 1.81 0.56 0.11 2.2 0.31 0.25 1.67 2.26 7.12 2.14 0.72 0.15 0.18 1.89 1.99 saab
1.04 0.54 1.01 1.97 0.64 0.11 2.13 0.31 0.24 1.72 2.18 6.69 2.22 0.74 0.14 0.04 1.87 1.96 saab
1 0.51 0.89 1.99 0.65 0.06 2.01 0.32 0.23 1.59 2.19 6.22 2.05 0.74 0.06 0.07 1.93 1.93 bus
0.85 0.35 0.64 1.29 0.57 0.06 1.16 0.57 0.17 1.25 1.38 2 1.23 0.65 0.01 0.23 1.96 2.03 van
0.98 0.55 1.08 1.68 0.53 0.11 2.24 0.3 0.25 1.78 2.31 7.37 2.17 0.73 0.08 0.3 1.87 1.98 opel
0.84 0.38 0.74 1.38 0.57 0.08 1.39 0.49 0.18 1.27 1.6 2.82 1.27 0.72 0.09 0.2 1.83 1.91 opel
0.89 0.38 0.78 1.53 0.61 0.07 1.46 0.46 0.19 1.27 1.66 3.14 1.42 0.69 0 0.09 1.87 1.94 opel
1.04 0.55 1.05 2.23 0.7 0.1 2.23 0.3 0.25 1.77 2.37 7.37 2.18 0.75 0.14 0.11 1.88 1.96 opel
0.84 0.44 0.65 1.28 0.55 0.08 1.5 0.46 0.19 1.48 1.69 3.25 1.76 0.82 0.01 0.11 1.79 1.83 bus
0.8 0.36 0.69 1.27 0.56 0.07 1.28 0.53 0.18 1.24 1.47 2.4 1.33 0.7 0.02 0.21 1.83 1.91 opel
0.79 0.43 0.72 1.41 0.62 0.08 1.53 0.44 0.19 1.44 1.75 3.44 1.74 0.78 0 0.08 1.82 1.88 bus
0.89 0.43 0.77 1.47 0.54 0.08 1.44 0.46 0.19 1.46 1.63 3.08 1.74 0.64 0.13 0.05 1.94 2.01 saab
0.83 0.4 0.59 1.16 0.53 0.07 1.32 0.52 0.18 1.37 1.45 2.5 1.57 0.84 0.12 0.06 1.77 1.83 van
0.89 0.5 0.83 1.95 0.65 0.06 1.78 0.37 0.21 1.56 2.07 4.81 2.1 0.71 0.01 0.06 1.89 1.94 opel
0.9 0.4 0.83 1.78 0.61 0.08 1.78 0.37 0.21 1.32 1.99 4.72 1.57 0.71 0.01 0.14 1.87 1.93 opel
0.88 0.42 0.66 1.33 0.57 0.06 1.23 0.54 0.17 1.44 1.47 2.27 1.6 0.66 0.08 0.04 1.93 1.98 van
0.96 0.43 0.82 1.61 0.55 0.05 1.86 0.34 0.22 1.41 2.15 5.34 1.62 0.75 0 0.06 1.95 1.96 bus
0.93 0.39 0.63 1.46 0.58 0.07 1.28 0.52 0.18 1.34 1.49 2.46 1.58 0.63 0.09 0.07 1.98 2.04 saab
0.98 0.46 0.77 1.99 0.71 0.07 1.66 0.39 0.2 1.5 1.84 4.22 1.8 0.69 0.13 0.09 2 2.03 bus
0.93 0.39 0.78 1.64 0.66 0.08 1.39 0.48 0.18 1.4 1.57 2.9 1.26 0.64 0.04 0.07 2.01 2.08 van
1 0.51 1.09 2.31 0.7 0.11 2.2 0.3 0.25 1.63 2.38 7.22 2.06 0.73 0.11 0.19 1.89 1.98 opel
0.9 0.36 0.85 1.84 0.64 0.06 1.6 0.41 0.2 1.25 1.87 3.85 1.39 0.66 0.09 0.31 1.95 2.03 saab
0.88 0.4 0.79 1.83 0.62 0.07 1.76 0.38 0.21 1.38 2 4.62 1.5 0.66 0 0.29 1.89 1.99 opel
0.97 0.53 1.05 2.25 0.71 0.12 2.21 0.3 0.25 1.67 2.26 7.13 2.02 0.7 0.03 0.2 1.86 2 saab
0.84 0.37 0.7 1.5 0.61 0.07 1.37 0.49 0.18 1.4 1.56 2.78 1.21 0.64 0 0.23 1.96 2.05 van
0.86 0.39 0.62 1.29 0.59 0.06 1.16 0.57 0.17 1.35 1.37 2.03 1.45 0.64 0.07 0.09 1.99 2.04 van
0.85 0.38 0.72 1.3 0.53 0.09 1.34 0.51 0.18 1.32 1.45 2.61 1.23 0.65 0.01 0.24 1.88 1.98 opel
0.87 0.42 0.6 1.16 0.51 0.06 1.5 0.46 0.19 1.41 1.69 3.24 1.71 0.85 0.02 0.14 1.78 1.82 bus
1.03 0.56 1.05 1.83 0.59 0.1 2.1 0.32 0.24 1.73 2.17 6.48 2.18 0.72 0.13 0.22 1.88 1.96 opel
0.9 0.49 0.85 1.41 0.57 0.11 1.59 0.43 0.2 1.67 1.73 3.65 1.86 0.75 0.01 0.11 1.82 1.92 van
0.8 0.34 0.42 1.1 0.57 0.03 1.14 0.59 0.17 1.19 1.31 1.91 1.21 0.87 0.04 0.07 1.79 1.83 opel
0.92 0.37 0.75 1.91 0.71 0.06 1.61 0.4 0.2 1.28 1.8 3.93 1.35 0.69 0.01 0.14 1.95 2.02 bus
0.85 0.33 0.5 1.04 0.53 0.04 1.15 0.59 0.17 1.18 1.36 1.93 1.27 0.83 0.01 0.3 1.79 1.85 saab
0.88 0.34 0.69 1.52 0.57 0.05 1.38 0.48 0.18 1.22 1.58 2.84 1.2 0.62 0.09 0.29 2.04 2.1 opel
0.92 0.42 0.69 1.53 0.58 0.08 1.4 0.48 0.18 1.38 1.65 2.9 1.51 0.64 0.1 0.21 1.99 2.06 opel
0.83 0.37 0.49 1.12 0.55 0.05 1.22 0.55 0.17 1.28 1.44 2.19 1.46 0.85 0.08 0.16 1.8 1.84 van
0.98 0.39 0.68 1.36 0.56 0.08 1.31 0.52 0.18 1.44 1.59 2.51 1.34 0.72 0.04 0.1 1.86 1.87 van
0.97 0.55 0.96 1.7 0.54 0.1 2.16 0.31 0.24 1.73 2.19 6.85 2.18 0.75 0 0.04 1.84 1.93 opel
1.08 0.56 1.03 2.34 0.73 0.1 2.21 0.3 0.25 1.74 2.32 7.18 2.14 0.73 0.08 0.03 1.87 1.97 saab
0.9 0.48 0.81 1.44 0.6 0.09 1.5 0.44 0.19 1.56 1.73 3.33 2 0.75 0.02 0 1.85 1.95 van
0.96 0.4 1 1.78 0.58 0.08 1.81 0.37 0.21 1.34 2.05 4.86 1.6 0.68 0.05 0.34 1.92 2.02 saab
1.06 0.52 1.08 2.07 0.64 0.12 2.21 0.31 0.25 1.68 2.29 7.09 2 0.73 0.22 0.38 1.9 2.05 saab
0.84 0.36 0.75 1.36 0.55 0.06 1.4 0.48 0.18 1.25 1.66 2.9 1.38 0.71 0.04 0.36 1.89 1.95 saab
1.04 0.53 1.01 1.9 0.63 0.1 2.13 0.32 0.24 1.66 2.18 6.64 2.02 0.74 0.13 0.21 1.88 1.98 saab
0.83 0.44 0.7 1.66 0.69 0.05 1.43 0.46 0.18 1.43 1.66 3.06 1.7 0.69 0.07 0.06 1.88 1.93 bus
0.88 0.44 0.71 1.65 0.7 0.07 1.44 0.46 0.19 1.41 1.67 3.12 1.72 0.71 0.04 0.04 1.88 1.93 bus
0.98 0.51 0.84 2.07 0.72 0.07 1.84 0.35 0.21 1.61 1.99 5.2 1.98 0.72 0.09 0.11 1.96 1.99 bus
0.9 0.42 0.63 1.44 0.59 0.07 1.31 0.5 0.18 1.42 1.54 2.59 1.62 0.65 0.15 0.03 1.97 2.04 van
0.86 0.4 0.63 1.35 0.56 0.05 1.33 0.5 0.18 1.35 1.52 2.62 1.66 0.7 0.09 0.02 1.87 1.91 saab
1.03 0.49 1.07 1.79 0.54 0.12 2.08 0.32 0.24 1.59 2.14 6.44 1.83 0.66 0.01 0.12 1.91 2 opel
0.86 0.44 0.7 1.4 0.64 0.06 1.48 0.45 0.19 1.45 1.7 3.22 1.85 0.82 0.1 0.01 1.81 1.83 bus
1.02 0.52 1.01 2.13 0.64 0.1 2.03 0.33 0.23 1.57 2.14 6.16 1.86 0.65 0 0.19 1.93 2.03 opel
0.81 0.38 0.53 1.23 0.58 0.06 1.34 0.51 0.18 1.28 1.47 2.59 1.48 0.83 0.1 0.06 1.77 1.84 opel
0.97 0.41 0.62 1.33 0.56 0.07 1.3 0.52 0.18 1.43 1.58 2.47 1.57 0.78 0.05 0.07 1.84 1.86 van
0.96 0.41 0.69 1.53 0.56 0.07 1.41 0.47 0.18 1.41 1.62 2.97 1.69 0.61 0.11 0.08 2.02 2.09 saab
0.86 0.44 0.65 1.29 0.56 0.06 1.52 0.45 0.19 1.5 1.68 3.31 1.77 0.83 0.04 0.13 1.78 1.83 bus
0.97 0.49 0.76 2.03 0.73 0.07 1.78 0.36 0.21 1.57 1.94 4.87 1.86 0.72 0 0.07 1.97 2 bus
1.08 0.55 1.05 2.3 0.68 0.11 2.18 0.3 0.24 1.71 2.28 7.09 2.1 0.69 0.14 0.04 1.9 1.97 opel
0.91 0.52 0.98 1.96 0.62 0.09 1.93 0.34 0.22 1.61 2.16 5.62 2.44 0.69 0.03 0.01 1.9 1.99 opel
0.84 0.43 0.76 1.8 0.75 0.07 1.55 0.43 0.19 1.43 1.8 3.59 1.73 0.77 0.05 0.12 1.85 1.9 bus
0.95 0.46 1.04 2.08 0.66 0.09 1.91 0.35 0.22 1.48 2.1 5.43 1.69 0.68 0 0.28 1.9 2 saab
0.95 0.43 0.83 1.98 0.69 0.06 1.77 0.36 0.21 1.39 1.89 4.84 1.63 0.68 0.06 0.04 1.96 1.98 bus
0.96 0.46 0.88 1.6 0.64 0.09 1.51 0.44 0.19 1.48 1.73 3.39 1.82 0.7 0.15 0.11 1.92 1.99 van
0.86 0.44 0.77 1.55 0.6 0.07 1.52 0.44 0.19 1.41 1.74 3.45 1.61 0.72 0.09 0 1.87 1.92 opel
0.9 0.38 0.79 1.85 0.69 0.06 1.6 0.4 0.2 1.3 1.78 3.93 1.33 0.66 0.02 0.14 1.98 2.05 bus
0.85 0.38 0.75 1.32 0.54 0.07 1.47 0.46 0.19 1.31 1.71 3.18 1.45 0.75 0.07 0.25 1.83 1.88 saab
1.05 0.53 1.05 1.84 0.57 0.11 2.11 0.31 0.24 1.68 2.24 6.61 2.18 0.71 0 0.15 1.86 1.97 saab
0.89 0.38 0.77 1.61 0.62 0.07 1.49 0.45 0.19 1.29 1.74 3.27 1.53 0.71 0.06 0.21 1.88 1.93 saab
0.98 0.55 1.04 2.13 0.67 0.09 2.06 0.32 0.23 1.67 2.23 6.29 2.2 0.72 0.05 0.19 1.87 1.96 saab
0.85 0.4 0.66 1.36 0.58 0.06 1.42 0.48 0.19 1.37 1.64 2.95 1.64 0.77 0.02 0.22 1.82 1.86 saab
0.97 0.37 0.78 1.81 0.62 0.08 1.61 0.41 0.2 1.31 1.82 3.89 1.17 0.62 0.02 0.28 2.03 2.11 opel
0.97 0.41 0.92 1.97 0.63 0.1 1.79 0.37 0.21 1.4 1.97 4.81 1.36 0.63 0.04 0.03 1.97 2.04 opel
1 0.47 0.88 1.9 0.6 0.1 1.71 0.38 0.21 1.55 1.86 4.4 1.69 0.59 0.15 0.18 2.01 2.1 saab
0.86 0.35 0.44 1.1 0.54 0.02 1.19 0.57 0.17 1.21 1.39 2.08 1.37 0.9 0.06 0.01 1.8 1.83 van
0.84 0.42 0.76 1.56 0.64 0.07 1.51 0.44 0.19 1.43 1.79 3.39 1.57 0.75 0 0.2 1.87 1.93 bus
0.89 0.45 0.85 1.49 0.59 0.11 1.58 0.43 0.2 1.58 1.77 3.62 1.73 0.75 0.12 0.16 1.83 1.93 van
1 0.36 0.73 1.99 0.73 0.06 1.62 0.4 0.2 1.27 1.89 4.01 1.25 0.72 0.06 0.19 2 2.04 bus
0.91 0.36 0.72 1.62 0.6 0.08 1.5 0.44 0.19 1.33 1.66 3.34 1.21 0.63 0.02 0.22 1.96 2.05 saab
0.91 0.41 0.64 1.48 0.61 0.08 1.29 0.51 0.18 1.42 1.61 2.49 1.53 0.68 0.06 0.12 1.94 2.01 van
0.86 0.39 0.58 1.25 0.55 0.05 1.17 0.57 0.17 1.34 1.4 2.04 1.48 0.69 0.07 0.06 1.9 1.94 van
0.95 0.53 0.95 2.02 0.65 0.1 1.93 0.34 0.22 1.6 2.2 5.59 2.37 0.71 0.03 0.02 1.88 1.96 saab
0.91 0.43 0.72 1.42 0.56 0.07 1.49 0.45 0.19 1.4 1.68 3.27 1.65 0.72 0.13 0.23 1.86 1.91 saab
0.81 0.45 0.68 1.37 0.6 0.07 1.52 0.45 0.19 1.51 1.67 3.33 1.79 0.81 0.03 0.13 1.79 1.83 bus
0.94 0.5 0.84 1.38 0.57 0.1 1.56 0.44 0.2 1.7 1.71 3.51 1.87 0.77 0.05 0.06 1.82 1.91 van
1.07 0.45 0.92 1.97 0.62 0.1 1.88 0.35 0.22 1.48 2.02 5.26 1.59 0.64 0.12 0.2 1.95 2.03 opel
1.15 0.51 1 2.01 0.6 0.12 1.96 0.34 0.23 1.62 2.07 5.73 1.84 0.62 0.22 0.01 1.98 2.08 saab
0.9 0.44 0.69 1.52 0.64 0.07 1.35 0.49 0.18 1.45 1.65 2.72 1.62 0.75 0.03 0.02 1.87 1.91 van
1.02 0.52 0.98 2.25 0.71 0.1 2.14 0.31 0.24 1.64 2.28 6.82 1.99 0.71 0 0.16 1.87 1.96 opel
1.03 0.53 1.06 1.72 0.55 0.1 2.12 0.32 0.24 1.68 2.2 6.6 2.23 0.73 0.16 0.24 1.87 1.97 saab
0.84 0.43 0.7 1.23 0.54 0.08 1.51 0.45 0.19 1.46 1.73 3.32 1.76 0.81 0.01 0.12 1.81 1.84 bus
0.98 0.38 0.78 1.91 0.65 0.08 1.69 0.39 0.2 1.36 1.97 4.3 1.41 0.67 0.09 0.2 1.92 1.99 saab
0.88 0.39 0.7 1.66 0.66 0.07 1.48 0.44 0.19 1.34 1.67 3.32 1.43 0.69 0.05 0.13 1.93 2.01 bus
0.91 0.46 1.01 1.99 0.65 0.09 1.96 0.34 0.23 1.46 2.19 5.74 1.99 0.73 0.05 0.08 1.86 1.94 opel
0.91 0.36 0.83 1.62 0.61 0.08 1.42 0.47 0.19 1.28 1.63 2.98 1.37 0.63 0 0.31 1.93 2 saab
0.8 0.44 0.68 1.2 0.53 0.08 1.51 0.45 0.19 1.46 1.7 3.33 1.9 0.8 0.04 0.16 1.8 1.85 bus
0.97 0.48 1.05 2.12 0.64 0.11 2.01 0.33 0.23 1.55 2.12 6.02 1.62 0.64 0.02 0.07 1.93 2.02 opel
0.92 0.52 0.93 2.04 0.67 0.09 1.89 0.35 0.22 1.61 2.14 5.36 2.4 0.72 0.02 0.05 1.88 1.95 opel
0.87 0.42 0.7 1.39 0.59 0.07 1.49 0.45 0.19 1.42 1.77 3.27 1.56 0.78 0.06 0.09 1.85 1.88 bus
0.94 0.37 0.72 1.46 0.6 0.09 1.33 0.5 0.18 1.35 1.61 2.62 1.28 0.69 0.02 0.07 1.92 1.95 van
0.97 0.38 0.75 1.88 0.68 0.06 1.71 0.37 0.2 1.29 1.99 4.5 1.37 0.74 0.02 0.06 1.97 1.99 bus
0.96 0.45 1.01 2.01 0.66 0.09 1.92 0.34 0.22 1.43 2.18 5.52 1.95 0.73 0.03 0.19 1.89 1.97 saab
1.06 0.53 0.98 1.54 0.47 0.04 2.37 0.28 0.26 1.64 2.63 8.38 2.22 0.82 0.04 0.17 1.85 1.84 bus
1.11 0.5 1.03 1.99 0.6 0.11 2.11 0.31 0.24 1.56 2.23 6.63 1.88 0.68 0.09 0.09 1.9 2 saab
0.96 0.39 0.64 1.11 0.48 0.08 1.34 0.52 0.18 1.41 1.6 2.58 1.39 0.8 0.07 0.2 1.83 1.84 van
1.09 0.47 0.96 2.06 0.64 0.09 1.98 0.33 0.23 1.5 2.19 5.86 1.91 0.7 0.04 0.13 1.9 1.98 saab
0.88 0.42 0.64 1.51 0.62 0.08 1.3 0.51 0.18 1.42 1.5 2.53 1.61 0.63 0.03 0.02 2.03 2.1 van
0.87 0.44 0.98 2.11 0.7 0.1 1.89 0.35 0.22 1.41 2.14 5.35 1.78 0.71 0.02 0.21 1.87 1.94 opel
1.07 0.54 0.96 2.01 0.62 0.12 2.18 0.31 0.24 1.7 2.21 6.94 2.17 0.71 0.02 0.21 1.87 1.98 saab
0.87 0.37 0.52 1.16 0.54 0.06 1.15 0.58 0.17 1.26 1.35 1.96 1.44 0.74 0.11 0.22 1.86 1.9 van
0.85 0.43 0.66 1.23 0.56 0.06 1.48 0.46 0.19 1.45 1.66 3.19 1.71 0.85 0.06 0.11 1.79 1.82 bus
1.07 0.55 1.03 2.13 0.68 0.11 2.19 0.3 0.25 1.72 2.21 7.09 2.16 0.7 0.1 0.07 1.87 1.97 saab
0.93 0.37 0.7 1.26 0.52 0.09 1.27 0.53 0.18 1.37 1.56 2.38 1.19 0.71 0.02 0.13 1.91 1.9 van
1.15 0.52 1 2.03 0.62 0.1 2.17 0.31 0.24 1.65 2.29 6.97 2.14 0.72 0.14 0.04 1.88 1.97 saab
0.9 0.39 0.85 1.6 0.59 0.07 1.63 0.41 0.2 1.31 1.89 3.96 1.58 0.71 0.07 0.13 1.86 1.92 saab
0.85 0.43 0.66 1.2 0.54 0.05 1.48 0.46 0.19 1.45 1.68 3.2 1.74 0.87 0.08 0.02 1.79 1.81 bus
0.86 0.43 0.68 1.5 0.64 0.09 1.38 0.48 0.18 1.43 1.61 2.85 1.74 0.69 0.06 0 1.92 2.01 van
1 0.51 1.04 1.63 0.52 0.1 2.06 0.32 0.23 1.64 2.17 6.31 1.93 0.69 0.05 0.21 1.88 1.96 opel
0.98 0.46 0.88 1.91 0.63 0.06 1.92 0.34 0.22 1.47 2.15 5.63 1.74 0.73 0.02 0.26 1.94 1.97 bus
0.87 0.41 0.76 1.65 0.67 0.07 1.48 0.45 0.19 1.4 1.71 3.27 1.52 0.72 0.07 0.13 1.88 1.95 bus
0.83 0.4 0.53 1.14 0.53 0.06 1.32 0.53 0.18 1.4 1.42 2.47 1.57 0.86 0.08 0.07 1.76 1.83 van
0.85 0.38 0.63 1.3 0.55 0.07 1.22 0.55 0.17 1.3 1.37 2.19 1.44 0.64 0.2 0.08 1.95 2.01 opel
1.11 0.53 1.08 2.11 0.61 0.11 2.07 0.32 0.23 1.67 2.17 6.36 2.16 0.64 0.21 0.02 1.96 2.05 saab
1.03 0.56 1 1.85 0.59 0.11 2.16 0.31 0.24 1.73 2.19 6.84 2.19 0.75 0.15 0.11 1.86 1.94 opel
0.92 0.39 0.76 1.8 0.71 0.06 1.52 0.43 0.19 1.31 1.79 3.5 1.43 0.72 0.06 0.14 1.95 2 bus
0.88 0.41 0.8 1.47 0.62 0.08 1.46 0.45 0.19 1.44 1.69 3.18 1.61 0.71 0.04 0.16 1.88 1.97 van
0.84 0.38 0.6 1.28 0.56 0.05 1.32 0.5 0.18 1.3 1.48 2.61 1.41 0.75 0.08 0.04 1.85 1.88 opel
0.89 0.44 0.8 1.91 0.66 0.06 1.62 0.4 0.2 1.43 1.89 3.96 1.8 0.66 0.13 0.11 1.94 1.99 opel
0.93 0.47 0.84 2.05 0.71 0.07 1.76 0.36 0.21 1.52 1.9 4.76 2.01 0.7 0.07 0.19 1.98 2.01 bus
1.04 0.52 1.01 2.06 0.62 0.1 1.98 0.33 0.23 1.61 2.07 5.87 2.04 0.64 0.02 0.05 1.95 2.04 opel
0.81 0.43 0.68 1.48 0.64 0.07 1.5 0.45 0.19 1.44 1.75 3.3 1.71 0.8 0.01 0.02 1.82 1.85 bus
0.88 0.45 0.82 1.55 0.56 0.08 1.54 0.43 0.19 1.49 1.8 3.57 1.7 0.69 0.03 0 1.88 1.93 saab
1.03 0.51 1.05 1.74 0.56 0.11 2.1 0.32 0.24 1.63 2.22 6.5 2.22 0.73 0.08 0.09 1.87 1.96 saab
0.83 0.46 0.68 1.39 0.59 0.06 1.5 0.44 0.19 1.46 1.72 3.36 1.83 0.74 0.05 0.03 1.85 1.91 bus
0.79 0.38 0.55 1.2 0.55 0.05 1.42 0.48 0.19 1.28 1.53 2.95 1.45 0.81 0.04 0.02 1.8 1.83 saab
0.97 0.55 1.03 1.97 0.63 0.11 2.15 0.31 0.24 1.72 2.19 6.77 2.19 0.75 0.05 0.24 1.85 1.94 opel
0.83 0.39 0.69 1.27 0.54 0.05 1.35 0.49 0.18 1.31 1.55 2.74 1.62 0.69 0.16 0.06 1.87 1.9 opel
0.98 0.38 0.72 1.92 0.69 0.05 1.66 0.38 0.2 1.31 1.89 4.27 1.38 0.7 0.01 0.03 2 2.02 bus
0.9 0.48 0.77 1.32 0.56 0.1 1.57 0.44 0.2 1.64 1.69 3.54 1.87 0.78 0.01 0.03 1.82 1.91 van
0.85 0.43 0.66 1.23 0.55 0.07 1.5 0.45 0.19 1.46 1.72 3.26 1.73 0.83 0.04 0.15 1.8 1.83 bus
0.81 0.45 0.68 1.54 0.69 0.22 1.51 0.45 0.19 1.47 1.86 3.35 1.86 0.88 0.01 0.1 1.8 1.85 bus
0.9 0.48 0.85 1.57 0.64 0.11 1.61 0.43 0.2 1.67 1.75 3.75 1.86 0.74 0.03 0.16 1.85 1.95 van
1.04 0.53 1.08 2.04 0.64 0.11 2.2 0.31 0.25 1.72 2.26 7.07 2.03 0.71 0.14 0.3 1.89 2.03 saab
0.95 0.43 0.96 2.02 0.65 0.1 1.89 0.35 0.22 1.43 2.17 5.34 1.66 0.71 0.06 0.27 1.9 1.97 opel
0.93 0.42 0.98 1.92 0.63 0.09 1.85 0.36 0.22 1.38 2.06 5.08 1.73 0.7 0.1 0.21 1.89 1.97 saab
0.87 0.38 0.71 1.23 0.53 0.08 1.37 0.49 0.18 1.27 1.58 2.77 1.45 0.75 0 0.09 1.81 1.86 saab
1.04 0.56 0.96 2.31 0.74 0.11 2.2 0.3 0.25 1.72 2.23 7.13 2.18 0.73 0.06 0.16 1.86 1.95 opel
0.95 0.41 0.82 1.7 0.65 0.09 1.45 0.46 0.19 1.45 1.63 3.14 1.4 0.64 0.04 0.08 1.99 2.07 van
1.05 0.54 1.05 2.13 0.67 0.1 2 0.33 0.23 1.63 2.14 5.97 2.14 0.68 0.1 0.2 1.9 1.98 opel
1.06 0.55 0.96 1.96 0.6 0.12 2.21 0.3 0.25 1.73 2.25 7.17 2.14 0.72 0.09 0.13 1.86 1.96 opel
0.86 0.39 0.84 1.49 0.57 0.08 1.56 0.43 0.2 1.33 1.85 3.58 1.57 0.74 0 0.23 1.83 1.9 opel
0.95 0.49 0.92 1.93 0.62 0.1 1.78 0.37 0.21 1.54 2 4.78 1.71 0.64 0.02 0 1.98 2.06 opel
0.99 0.57 1 1.77 0.54 0.13 2.24 0.3 0.25 1.88 2.23 7.26 2.13 0.72 0.04 0.07 1.85 1.98 opel
0.89 0.42 0.66 1.25 0.53 0.07 1.31 0.51 0.18 1.44 1.62 2.54 1.62 0.73 0.1 0.17 1.88 1.91 van
0.95 0.49 0.82 1.39 0.56 0.11 1.59 0.43 0.2 1.62 1.73 3.65 1.85 0.75 0.07 0.1 1.82 1.91 van
0.97 0.37 0.7 1.73 0.66 0.07 1.51 0.43 0.19 1.29 1.67 3.46 1.19 0.65 0 0.16 2.01 2.08 bus
1 0.47 0.7 1.85 0.7 0.07 1.62 0.4 0.2 1.53 1.79 4.06 1.72 0.68 0.09 0.06 2 2.05 bus
1.08 0.49 1.09 2.04 0.61 0.11 2.12 0.31 0.24 1.59 2.29 6.65 2.15 0.71 0.16 0.11 1.9 1.99 saab
0.92 0.46 0.83 1.54 0.56 0.06 1.6 0.41 0.2 1.48 1.85 3.82 1.84 0.71 0.1 0.05 1.86 1.91 saab
0.82 0.36 0.51 1.14 0.53 0.04 1.35 0.5 0.18 1.26 1.5 2.68 1.44 0.86 0.15 0.04 1.81 1.82 saab
1.11 0.58 1.05 1.83 0.51 0.06 2.65 0.26 0.29 1.74 2.85 10.18 2.55 0.85 0.04 0.08 1.81 1.83 bus
0.87 0.45 0.66 1.39 0.58 0.08 1.4 0.47 0.18 1.48 1.68 2.94 1.75 0.73 0.03 0.12 1.88 1.96 van
0.94 0.46 0.77 1.69 0.6 0.08 1.58 0.42 0.2 1.48 1.81 3.73 1.81 0.67 0.12 0.02 1.93 1.99 saab
0.95 0.43 0.76 1.42 0.57 0.1 1.51 0.44 0.19 1.49 1.73 3.39 1.59 0.71 0.02 0.23 1.87 2 van
0.9 0.44 0.72 1.57 0.64 0.08 1.37 0.48 0.18 1.44 1.59 2.83 1.71 0.65 0.09 0.04 1.96 2.03 van
0.93 0.34 0.66 1.4 0.56 0.07 1.3 0.51 0.18 1.2 1.51 2.51 1.14 0.62 0.05 0.29 2.01 2.07 opel
0.93 0.39 0.87 1.83 0.64 0.08 1.69 0.4 0.2 1.34 2 4.22 1.49 0.72 0.07 0.25 1.88 1.95 saab
0.89 0.46 0.84 1.63 0.66 0.11 1.59 0.43 0.2 1.59 1.73 3.68 1.76 0.72 0.01 0.2 1.86 1.97 van
1.06 0.54 1.01 2.22 0.67 0.12 2.22 0.3 0.25 1.73 2.28 7.21 2 0.7 0.03 0.04 1.87 2.01 saab
0.86 0.36 0.78 1.46 0.58 0.07 1.35 0.5 0.18 1.24 1.55 2.7 1.48 0.66 0 0.25 1.9 1.95 saab
0.85 0.36 0.66 1.23 0.55 0.05 1.2 0.56 0.17 1.28 1.4 2.12 1.31 0.73 0.01 0.18 1.86 1.9 van
